# Hybrid Parallel sMINRES Method with MPI-Based Domain-Decomposed Vectors and OpenMP-Based Parallelism for Shift Loop and SpMV (rank = 0/4)
# A = ../data/ELSES_MATRIX_VCNT40000std_A.mtx
# status = 46/50, time = 156.539 sec
 0   0.009980   0.000628     0  6.57422e-05  6.57422e-05
 1   0.009823   0.001874  8927  1.99957e-11  2.00657e-11
 2   0.009511   0.003090  5501  1.99228e-11  1.99556e-11
 3   0.009048   0.004258  4035  1.99798e-11  2.00021e-11
 4   0.008443   0.005358  3232  1.99419e-11  1.99574e-11
 5   0.007705   0.006374  2734  1.98604e-11  1.98735e-11
 6   0.006845   0.007290  2406  1.98870e-11  1.98979e-11
 7   0.005878   0.008090  2178  1.98804e-11  1.98910e-11
 8   0.004818   0.008763  2020  1.98287e-11  1.98377e-11
 9   0.003681   0.009298  1911  1.99211e-11  1.99287e-11
10   0.002487   0.009686  1842  1.96933e-11  1.97013e-11
11   0.001253   0.009921  1804  1.96197e-11  1.96264e-11
12   0.000000   0.010000  1794  1.97101e-11  1.97168e-11
13  -0.001253   0.009921  1812  1.97060e-11  1.97126e-11
14  -0.002487   0.009686  1858  1.98985e-11  1.99067e-11
15  -0.003681   0.009298  1937  1.98546e-11  1.98617e-11
16  -0.004818   0.008763  2056  1.98701e-11  1.98778e-11
17  -0.005878   0.008090  2228  1.97728e-11  1.97809e-11
18  -0.006845   0.007290  2472  1.97736e-11  1.97839e-11
19  -0.007705   0.006374  2821  1.99453e-11  1.99578e-11
20  -0.008443   0.005358  3349  1.99253e-11  1.99411e-11
21  -0.009048   0.004258  4200  1.99190e-11  1.99436e-11
22  -0.009511   0.003090  5747  1.99756e-11  2.00193e-11
23  -0.009823   0.001874  9373  1.99642e-11  2.00693e-11
24  -0.009980   0.000628     0  1.53378e-04  1.53378e-04
25  -0.009980  -0.000628     0  1.53378e-04  1.53378e-04
26  -0.009823  -0.001874  9373  1.99642e-11  2.00693e-11
27  -0.009511  -0.003090  5747  1.99756e-11  2.00193e-11
28  -0.009048  -0.004258  4200  1.99190e-11  1.99434e-11
29  -0.008443  -0.005358  3349  1.99253e-11  1.99409e-11
30  -0.007705  -0.006374  2821  1.99453e-11  1.99577e-11
31  -0.006845  -0.007290  2472  1.97736e-11  1.97842e-11
32  -0.005878  -0.008090  2228  1.97728e-11  1.97809e-11
33  -0.004818  -0.008763  2056  1.98701e-11  1.98777e-11
34  -0.003681  -0.009298  1937  1.98546e-11  1.98617e-11
35  -0.002487  -0.009686  1858  1.98985e-11  1.99067e-11
36  -0.001253  -0.009921  1812  1.97060e-11  1.97126e-11
37  -0.000000  -0.010000  1794  1.97101e-11  1.97167e-11
38   0.001253  -0.009921  1804  1.96197e-11  1.96265e-11
39   0.002487  -0.009686  1842  1.96933e-11  1.97013e-11
40   0.003681  -0.009298  1911  1.99211e-11  1.99287e-11
41   0.004818  -0.008763  2020  1.98287e-11  1.98379e-11
42   0.005878  -0.008090  2178  1.98804e-11  1.98907e-11
43   0.006845  -0.007290  2406  1.98870e-11  1.98978e-11
44   0.007705  -0.006374  2734  1.98604e-11  1.98734e-11
45   0.008443  -0.005358  3232  1.99419e-11  1.99573e-11
46   0.009048  -0.004258  4035  1.99798e-11  2.00023e-11
47   0.009511  -0.003090  5501  1.99228e-11  1.99552e-11
48   0.009823  -0.001874  8927  1.99957e-11  2.00648e-11
49   0.009980  -0.000628     0  6.57422e-05  6.57422e-05

--------------------

# Hybrid Parallel sMINRES Method with MPI-Based Shift Distribution and OpenMP-Based Parallelism for Shift Loop and SpMV (rank = 0/4)
# A = ../data/ELSES_MATRIX_VCNT40000std_A.mtx
# status = 12/13, time = 908.734 sec
 0   0.009980   0.000628     0  6.58124e-05  6.58124e-05
 1   0.009823   0.001874  8930  1.99969e-11  2.00642e-11
 2   0.009511   0.003090  5501  1.99888e-11  2.00229e-11
 3   0.009048   0.004258  4036  1.99776e-11  1.99990e-11
 4   0.008443   0.005358  3233  1.99117e-11  1.99275e-11
 5   0.007705   0.006374  2734  1.99468e-11  1.99598e-11
 6   0.006845   0.007290  2406  1.99894e-11  2.00006e-11
 7   0.005878   0.008090  2178  1.99834e-11  1.99925e-11
 8   0.004818   0.008763  2020  1.99145e-11  1.99226e-11
 9   0.003681   0.009298  1912  1.98071e-11  1.98140e-11
10   0.002487   0.009686  1842  1.97775e-11  1.97853e-11
11   0.001253   0.009921  1804  1.96020e-11  1.96092e-11
12   0.000000   0.010000  1794  1.97236e-11  1.97303e-11
# Hybrid Parallel sMINRES Method with MPI-Based Shift Distribution and OpenMP-Based Parallelism for Shift Loop and SpMV (rank = 1/4)
# A = ../data/ELSES_MATRIX_VCNT40000std_A.mtx
# status = 11/13, time = 912.709 sec
13  -0.001253   0.009921  1812  1.97039e-11  1.97102e-11
14  -0.002487   0.009686  1858  1.99312e-11  1.99383e-11
15  -0.003681   0.009298  1937  1.99259e-11  1.99325e-11
16  -0.004818   0.008763  2056  1.99894e-11  1.99979e-11
17  -0.005878   0.008090  2228  1.99545e-11  1.99628e-11
18  -0.006845   0.007290  2471  1.99800e-11  1.99906e-11
19  -0.007705   0.006374  2821  1.99393e-11  1.99516e-11
20  -0.008443   0.005358  3349  1.99779e-11  1.99942e-11
21  -0.009048   0.004258  4201  1.99370e-11  1.99608e-11
22  -0.009511   0.003090  5748  1.99748e-11  2.00172e-11
23  -0.009823   0.001874  9375  1.99715e-11  2.00782e-11
24  -0.009980   0.000628     0  1.53546e-04  1.53546e-04
25  -0.009980  -0.000628     0  1.53546e-04  1.53546e-04
# Hybrid Parallel sMINRES Method with MPI-Based Shift Distribution and OpenMP-Based Parallelism for Shift Loop and SpMV (rank = 2/4)
# A = ../data/ELSES_MATRIX_VCNT40000std_A.mtx
# status = 12/12, time = 814.684 sec
26  -0.009823  -0.001874  9375  1.99715e-11  2.00783e-11
27  -0.009511  -0.003090  5748  1.99748e-11  2.00173e-11
28  -0.009048  -0.004258  4201  1.99370e-11  1.99609e-11
29  -0.008443  -0.005358  3349  1.99779e-11  1.99942e-11
30  -0.007705  -0.006374  2821  1.99393e-11  1.99520e-11
31  -0.006845  -0.007290  2471  1.99800e-11  1.99905e-11
32  -0.005878  -0.008090  2228  1.99545e-11  1.99627e-11
33  -0.004818  -0.008763  2056  1.99894e-11  1.99980e-11
34  -0.003681  -0.009298  1937  1.99259e-11  1.99325e-11
35  -0.002487  -0.009686  1858  1.99312e-11  1.99387e-11
36  -0.001253  -0.009921  1812  1.97039e-11  1.97102e-11
37  -0.000000  -0.010000  1794  1.97236e-11  1.97304e-11
# Hybrid Parallel sMINRES Method with MPI-Based Shift Distribution and OpenMP-Based Parallelism for Shift Loop and SpMV (rank = 3/4)
# A = ../data/ELSES_MATRIX_VCNT40000std_A.mtx
# status = 11/12, time = 880.21 sec
38   0.001253  -0.009921  1804  1.96020e-11  1.96090e-11
39   0.002487  -0.009686  1842  1.97775e-11  1.97852e-11
40   0.003681  -0.009298  1912  1.98071e-11  1.98143e-11
41   0.004818  -0.008763  2020  1.99145e-11  1.99225e-11
42   0.005878  -0.008090  2178  1.99834e-11  1.99922e-11
43   0.006845  -0.007290  2406  1.99894e-11  2.00007e-11
44   0.007705  -0.006374  2734  1.99468e-11  1.99598e-11
45   0.008443  -0.005358  3233  1.99117e-11  1.99272e-11
46   0.009048  -0.004258  4036  1.99776e-11  1.99993e-11
47   0.009511  -0.003090  5501  1.99888e-11  2.00226e-11
48   0.009823  -0.001874  8930  1.99969e-11  2.00643e-11
49   0.009980  -0.000628     0  6.58124e-05  6.58124e-05

--------------------

# No parallel sMINRES Method (OpenMP paralleism SpMV)
# A = ../data/ELSES_MATRIX_VCNT40000std_A.mtx
# status = 46/50, time = 676.268 sec
 0   0.009980   0.000628     0  6.58124e-05  6.58124e-05
 1   0.009823   0.001874  8930  1.99969e-11  2.00642e-11
 2   0.009511   0.003090  5501  1.99888e-11  2.00229e-11
 3   0.009048   0.004258  4036  1.99776e-11  1.99990e-11
 4   0.008443   0.005358  3233  1.99117e-11  1.99275e-11
 5   0.007705   0.006374  2734  1.99468e-11  1.99598e-11
 6   0.006845   0.007290  2406  1.99894e-11  2.00006e-11
 7   0.005878   0.008090  2178  1.99834e-11  1.99925e-11
 8   0.004818   0.008763  2020  1.99145e-11  1.99226e-11
 9   0.003681   0.009298  1912  1.98071e-11  1.98140e-11
10   0.002487   0.009686  1842  1.97775e-11  1.97853e-11
11   0.001253   0.009921  1804  1.96020e-11  1.96092e-11
12   0.000000   0.010000  1794  1.97236e-11  1.97303e-11
13  -0.001253   0.009921  1812  1.97039e-11  1.97102e-11
14  -0.002487   0.009686  1858  1.99312e-11  1.99383e-11
15  -0.003681   0.009298  1937  1.99259e-11  1.99325e-11
16  -0.004818   0.008763  2056  1.99894e-11  1.99979e-11
17  -0.005878   0.008090  2228  1.99545e-11  1.99628e-11
18  -0.006845   0.007290  2471  1.99800e-11  1.99906e-11
19  -0.007705   0.006374  2821  1.99393e-11  1.99516e-11
20  -0.008443   0.005358  3349  1.99779e-11  1.99942e-11
21  -0.009048   0.004258  4201  1.99370e-11  1.99608e-11
22  -0.009511   0.003090  5748  1.99748e-11  2.00172e-11
23  -0.009823   0.001874  9375  1.99715e-11  2.00782e-11
24  -0.009980   0.000628     0  1.53546e-04  1.53546e-04
25  -0.009980  -0.000628     0  1.53546e-04  1.53546e-04
26  -0.009823  -0.001874  9375  1.99715e-11  2.00783e-11
27  -0.009511  -0.003090  5748  1.99748e-11  2.00173e-11
28  -0.009048  -0.004258  4201  1.99370e-11  1.99609e-11
29  -0.008443  -0.005358  3349  1.99779e-11  1.99942e-11
30  -0.007705  -0.006374  2821  1.99393e-11  1.99520e-11
31  -0.006845  -0.007290  2471  1.99800e-11  1.99905e-11
32  -0.005878  -0.008090  2228  1.99545e-11  1.99627e-11
33  -0.004818  -0.008763  2056  1.99894e-11  1.99980e-11
34  -0.003681  -0.009298  1937  1.99259e-11  1.99325e-11
35  -0.002487  -0.009686  1858  1.99312e-11  1.99387e-11
36  -0.001253  -0.009921  1812  1.97039e-11  1.97102e-11
37  -0.000000  -0.010000  1794  1.97236e-11  1.97304e-11
38   0.001253  -0.009921  1804  1.96020e-11  1.96090e-11
39   0.002487  -0.009686  1842  1.97775e-11  1.97852e-11
40   0.003681  -0.009298  1912  1.98071e-11  1.98143e-11
41   0.004818  -0.008763  2020  1.99145e-11  1.99225e-11
42   0.005878  -0.008090  2178  1.99834e-11  1.99922e-11
43   0.006845  -0.007290  2406  1.99894e-11  2.00007e-11
44   0.007705  -0.006374  2734  1.99468e-11  1.99598e-11
45   0.008443  -0.005358  3233  1.99117e-11  1.99272e-11
46   0.009048  -0.004258  4036  1.99776e-11  1.99993e-11
47   0.009511  -0.003090  5501  1.99888e-11  2.00226e-11
48   0.009823  -0.001874  8930  1.99969e-11  2.00643e-11
49   0.009980  -0.000628     0  6.58124e-05  6.58124e-05
