# Hybrid Parallel sMINRES Method with MPI-Based Domain-Decomposed Vectors and OpenMP-Based Parallelism for Shift Loop and SpMV (rank = 0/4)
# A = ../data/ELSES_MATRIX_VCNT4000std_A.mtx
# status = 50/50, time = 13.5996 sec
 0   0.009980   0.000628  4739  6.10057e-12  6.11520e-12
 1   0.009823   0.001874  4440  6.20674e-12  6.21564e-12
 2   0.009511   0.003090  4022  6.11526e-12  6.12371e-12
 3   0.009048   0.004258  3307  6.29802e-12  6.30376e-12
 4   0.008443   0.005358  2803  6.31871e-12  6.32289e-12
 5   0.007705   0.006374  2415  6.31335e-12  6.31611e-12
 6   0.006845   0.007290  2149  6.26485e-12  6.26766e-12
 7   0.005878   0.008090  1961  6.23590e-12  6.23848e-12
 8   0.004818   0.008763  1829  6.29588e-12  6.29869e-12
 9   0.003681   0.009298  1741  6.28602e-12  6.28811e-12
10   0.002487   0.009686  1687  6.26815e-12  6.27097e-12
11   0.001253   0.009921  1659  6.27039e-12  6.27212e-12
12   0.000000   0.010000  1652  6.31398e-12  6.31635e-12
13  -0.001253   0.009921  1670  6.19857e-12  6.19947e-12
14  -0.002487   0.009686  1710  6.31911e-12  6.32120e-12
15  -0.003681   0.009298  1781  6.28538e-12  6.28783e-12
16  -0.004818   0.008763  1889  6.32095e-12  6.32264e-12
17  -0.005878   0.008090  2045  6.29446e-12  6.29739e-12
18  -0.006845   0.007290  2261  6.30415e-12  6.30662e-12
19  -0.007705   0.006374  2577  6.27117e-12  6.27491e-12
20  -0.008443   0.005358  3034  6.31093e-12  6.31612e-12
21  -0.009048   0.004258  3731  6.28613e-12  6.29423e-12
22  -0.009511   0.003090  4703  6.29628e-12  6.31132e-12
23  -0.009823   0.001874  5890  6.23193e-12  6.25824e-12
24  -0.009980   0.000628  6615  6.19021e-12  6.27754e-12
25  -0.009980  -0.000628  6615  6.19021e-12  6.27629e-12
26  -0.009823  -0.001874  5890  6.23193e-12  6.25829e-12
27  -0.009511  -0.003090  4703  6.29628e-12  6.31092e-12
28  -0.009048  -0.004258  3731  6.28613e-12  6.29398e-12
29  -0.008443  -0.005358  3034  6.31093e-12  6.31601e-12
30  -0.007705  -0.006374  2577  6.27117e-12  6.27468e-12
31  -0.006845  -0.007290  2261  6.30415e-12  6.30671e-12
32  -0.005878  -0.008090  2045  6.29446e-12  6.29763e-12
33  -0.004818  -0.008763  1889  6.32095e-12  6.32266e-12
34  -0.003681  -0.009298  1781  6.28538e-12  6.28793e-12
35  -0.002487  -0.009686  1710  6.31911e-12  6.32129e-12
36  -0.001253  -0.009921  1670  6.19857e-12  6.19945e-12
37  -0.000000  -0.010000  1652  6.31398e-12  6.31640e-12
38   0.001253  -0.009921  1659  6.27039e-12  6.27224e-12
39   0.002487  -0.009686  1687  6.26815e-12  6.27101e-12
40   0.003681  -0.009298  1741  6.28602e-12  6.28826e-12
41   0.004818  -0.008763  1829  6.29588e-12  6.29868e-12
42   0.005878  -0.008090  1961  6.23590e-12  6.23852e-12
43   0.006845  -0.007290  2149  6.26485e-12  6.26782e-12
44   0.007705  -0.006374  2415  6.31335e-12  6.31627e-12
45   0.008443  -0.005358  2803  6.31871e-12  6.32285e-12
46   0.009048  -0.004258  3307  6.29802e-12  6.30367e-12
47   0.009511  -0.003090  4022  6.11526e-12  6.12387e-12
48   0.009823  -0.001874  4440  6.20674e-12  6.21545e-12
49   0.009980  -0.000628  4739  6.10057e-12  6.11540e-12

--------------------

# Hybrid Parallel sMINRES Method with MPI-Based Shift Distribution and OpenMP-Based Parallelism for Shift Loop and SpMV (rank = 0/4)
# A = ../data/ELSES_MATRIX_VCNT4000std_A.mtx
# status = 13/13, time = 0.605624 sec
 0   0.009980   0.000628  4732  6.27978e-12  6.29680e-12
 1   0.009823   0.001874  4438  6.31907e-12  6.32884e-12
 2   0.009511   0.003090  4022  6.28852e-12  6.29555e-12
 3   0.009048   0.004258  3305  6.30985e-12  6.31501e-12
 4   0.008443   0.005358  2800  6.30487e-12  6.30914e-12
 5   0.007705   0.006374  2413  6.24729e-12  6.25148e-12
 6   0.006845   0.007290  2147  6.26867e-12  6.27205e-12
 7   0.005878   0.008090  1958  6.29505e-12  6.29798e-12
 8   0.004818   0.008763  1829  6.22676e-12  6.22849e-12
 9   0.003681   0.009298  1740  6.31989e-12  6.32183e-12
10   0.002487   0.009686  1686  6.31869e-12  6.32163e-12
11   0.001253   0.009921  1658  6.29541e-12  6.29791e-12
12   0.000000   0.010000  1652  6.26853e-12  6.27026e-12
# Hybrid Parallel sMINRES Method with MPI-Based Shift Distribution and OpenMP-Based Parallelism for Shift Loop and SpMV (rank = 1/4)
# A = ../data/ELSES_MATRIX_VCNT4000std_A.mtx
# status = 13/13, time = 0.988548 sec
13  -0.001253   0.009921  1669  6.27694e-12  6.27968e-12
14  -0.002487   0.009686  1710  6.27857e-12  6.28053e-12
15  -0.003681   0.009298  1780  6.30620e-12  6.30820e-12
16  -0.004818   0.008763  1888  6.30647e-12  6.30889e-12
17  -0.005878   0.008090  2044  6.24348e-12  6.24636e-12
18  -0.006845   0.007290  2260  6.29963e-12  6.30273e-12
19  -0.007705   0.006374  2573  6.26784e-12  6.27272e-12
20  -0.008443   0.005358  3032  6.24566e-12  6.25117e-12
21  -0.009048   0.004258  3729  6.27165e-12  6.27914e-12
22  -0.009511   0.003090  4698  6.31768e-12  6.33094e-12
23  -0.009823   0.001874  5877  6.27534e-12  6.30316e-12
24  -0.009980   0.000628  6552  6.30736e-12  6.39064e-12
25  -0.009980  -0.000628  6552  6.30736e-12  6.39250e-12
# Hybrid Parallel sMINRES Method with MPI-Based Shift Distribution and OpenMP-Based Parallelism for Shift Loop and SpMV (rank = 2/4)
# A = ../data/ELSES_MATRIX_VCNT4000std_A.mtx
# status = 12/12, time = 0.717092 sec
26  -0.009823  -0.001874  5877  6.27534e-12  6.30396e-12
27  -0.009511  -0.003090  4698  6.31768e-12  6.33043e-12
28  -0.009048  -0.004258  3729  6.27165e-12  6.27915e-12
29  -0.008443  -0.005358  3032  6.24566e-12  6.25107e-12
30  -0.007705  -0.006374  2573  6.26784e-12  6.27233e-12
31  -0.006845  -0.007290  2260  6.29963e-12  6.30265e-12
32  -0.005878  -0.008090  2044  6.24348e-12  6.24628e-12
33  -0.004818  -0.008763  1888  6.30647e-12  6.30849e-12
34  -0.003681  -0.009298  1780  6.30620e-12  6.30814e-12
35  -0.002487  -0.009686  1710  6.27857e-12  6.28041e-12
36  -0.001253  -0.009921  1669  6.27694e-12  6.27975e-12
37  -0.000000  -0.010000  1652  6.26853e-12  6.27042e-12
# Hybrid Parallel sMINRES Method with MPI-Based Shift Distribution and OpenMP-Based Parallelism for Shift Loop and SpMV (rank = 3/4)
# A = ../data/ELSES_MATRIX_VCNT4000std_A.mtx
# status = 12/12, time = 0.659185 sec
38   0.001253  -0.009921  1658  6.29541e-12  6.29801e-12
39   0.002487  -0.009686  1686  6.31869e-12  6.32150e-12
40   0.003681  -0.009298  1740  6.31989e-12  6.32192e-12
41   0.004818  -0.008763  1829  6.22676e-12  6.22837e-12
42   0.005878  -0.008090  1958  6.29505e-12  6.29774e-12
43   0.006845  -0.007290  2147  6.26867e-12  6.27199e-12
44   0.007705  -0.006374  2413  6.24729e-12  6.25148e-12
45   0.008443  -0.005358  2800  6.30487e-12  6.30897e-12
46   0.009048  -0.004258  3305  6.30985e-12  6.31506e-12
47   0.009511  -0.003090  4022  6.28852e-12  6.29536e-12
48   0.009823  -0.001874  4438  6.31907e-12  6.32854e-12
49   0.009980  -0.000628  4732  6.27978e-12  6.29586e-12

--------------------

# No parallel sMINRES Method (OpenMP paralleism SpMV)
# A = ../data/ELSES_MATRIX_VCNT4000std_A.mtx
# status = 50/50, time = 3.44726 sec
 0   0.009980   0.000628  4732  6.27978e-12  6.29680e-12
 1   0.009823   0.001874  4438  6.31907e-12  6.32884e-12
 2   0.009511   0.003090  4022  6.28852e-12  6.29555e-12
 3   0.009048   0.004258  3305  6.30985e-12  6.31501e-12
 4   0.008443   0.005358  2800  6.30487e-12  6.30914e-12
 5   0.007705   0.006374  2413  6.24729e-12  6.25148e-12
 6   0.006845   0.007290  2147  6.26867e-12  6.27205e-12
 7   0.005878   0.008090  1958  6.29505e-12  6.29798e-12
 8   0.004818   0.008763  1829  6.22676e-12  6.22849e-12
 9   0.003681   0.009298  1740  6.31989e-12  6.32183e-12
10   0.002487   0.009686  1686  6.31869e-12  6.32163e-12
11   0.001253   0.009921  1658  6.29541e-12  6.29791e-12
12   0.000000   0.010000  1652  6.26853e-12  6.27026e-12
13  -0.001253   0.009921  1669  6.27694e-12  6.27968e-12
14  -0.002487   0.009686  1710  6.27857e-12  6.28053e-12
15  -0.003681   0.009298  1780  6.30620e-12  6.30820e-12
16  -0.004818   0.008763  1888  6.30647e-12  6.30889e-12
17  -0.005878   0.008090  2044  6.24348e-12  6.24636e-12
18  -0.006845   0.007290  2260  6.29963e-12  6.30273e-12
19  -0.007705   0.006374  2573  6.26784e-12  6.27272e-12
20  -0.008443   0.005358  3032  6.24566e-12  6.25117e-12
21  -0.009048   0.004258  3729  6.27165e-12  6.27914e-12
22  -0.009511   0.003090  4698  6.31768e-12  6.33094e-12
23  -0.009823   0.001874  5877  6.27534e-12  6.30316e-12
24  -0.009980   0.000628  6552  6.30736e-12  6.39064e-12
25  -0.009980  -0.000628  6552  6.30736e-12  6.39250e-12
26  -0.009823  -0.001874  5877  6.27534e-12  6.30396e-12
27  -0.009511  -0.003090  4698  6.31768e-12  6.33043e-12
28  -0.009048  -0.004258  3729  6.27165e-12  6.27915e-12
29  -0.008443  -0.005358  3032  6.24566e-12  6.25107e-12
30  -0.007705  -0.006374  2573  6.26784e-12  6.27233e-12
31  -0.006845  -0.007290  2260  6.29963e-12  6.30265e-12
32  -0.005878  -0.008090  2044  6.24348e-12  6.24628e-12
33  -0.004818  -0.008763  1888  6.30647e-12  6.30849e-12
34  -0.003681  -0.009298  1780  6.30620e-12  6.30814e-12
35  -0.002487  -0.009686  1710  6.27857e-12  6.28041e-12
36  -0.001253  -0.009921  1669  6.27694e-12  6.27975e-12
37  -0.000000  -0.010000  1652  6.26853e-12  6.27042e-12
38   0.001253  -0.009921  1658  6.29541e-12  6.29801e-12
39   0.002487  -0.009686  1686  6.31869e-12  6.32150e-12
40   0.003681  -0.009298  1740  6.31989e-12  6.32192e-12
41   0.004818  -0.008763  1829  6.22676e-12  6.22837e-12
42   0.005878  -0.008090  1958  6.29505e-12  6.29774e-12
43   0.006845  -0.007290  2147  6.26867e-12  6.27199e-12
44   0.007705  -0.006374  2413  6.24729e-12  6.25148e-12
45   0.008443  -0.005358  2800  6.30487e-12  6.30897e-12
46   0.009048  -0.004258  3305  6.30985e-12  6.31506e-12
47   0.009511  -0.003090  4022  6.28852e-12  6.29536e-12
48   0.009823  -0.001874  4438  6.31907e-12  6.32854e-12
49   0.009980  -0.000628  4732  6.27978e-12  6.29586e-12
