# Hybrid Parallel sMINRES Method with MPI-Based Domain-Decomposed Vectors and OpenMP-Based Parallelism for Shift Loop and SpMV (rank = 0/4)
# A = ../data/ELSES_MATRIX_VCNT4000std_A.mtx
# status = 100/100, time = 3.44825 sec
 0  -0.100000   0.010000  1472  6.13822e-12  6.13879e-12
 1  -0.097980   0.010000  1485  6.12885e-12  6.13027e-12
 2  -0.095960   0.010000  1500  6.05996e-12  6.06074e-12
 3  -0.093939   0.010000  1515  6.18138e-12  6.18266e-12
 4  -0.091919   0.010000  1532  6.13051e-12  6.13186e-12
 5  -0.089899   0.010000  1548  6.20780e-12  6.20854e-12
 6  -0.087879   0.010000  1565  6.31338e-12  6.31449e-12
 7  -0.085859   0.010000  1583  6.07024e-12  6.07158e-12
 8  -0.083838   0.010000  1597  6.16867e-12  6.16961e-12
 9  -0.081818   0.010000  1610  6.14486e-12  6.14592e-12
10  -0.079798   0.010000  1621  6.30166e-12  6.30262e-12
11  -0.077778   0.010000  1632  6.29636e-12  6.29740e-12
12  -0.075758   0.010000  1640  6.25535e-12  6.25659e-12
13  -0.073737   0.010000  1647  6.28236e-12  6.28419e-12
14  -0.071717   0.010000  1655  6.16481e-12  6.16569e-12
15  -0.069697   0.010000  1663  6.18855e-12  6.18936e-12
16  -0.067677   0.010000  1669  6.28350e-12  6.28547e-12
17  -0.065657   0.010000  1676  6.21303e-12  6.21433e-12
18  -0.063636   0.010000  1683  6.23819e-12  6.24004e-12
19  -0.061616   0.010000  1689  6.26920e-12  6.27032e-12
20  -0.059596   0.010000  1694  6.32265e-12  6.32383e-12
21  -0.057576   0.010000  1698  6.29504e-12  6.29665e-12
22  -0.055556   0.010000  1702  6.30218e-12  6.30411e-12
23  -0.053535   0.010000  1704  6.29493e-12  6.29659e-12
24  -0.051515   0.010000  1706  6.18526e-12  6.18716e-12
25  -0.049495   0.010000  1706  6.19915e-12  6.20081e-12
26  -0.047475   0.010000  1705  6.29083e-12  6.29284e-12
27  -0.045455   0.010000  1704  6.19875e-12  6.20036e-12
28  -0.043434   0.010000  1702  6.26911e-12  6.27002e-12
29  -0.041414   0.010000  1700  6.25696e-12  6.25785e-12
30  -0.039394   0.010000  1699  6.26392e-12  6.26501e-12
31  -0.037374   0.010000  1698  6.24982e-12  6.25132e-12
32  -0.035354   0.010000  1697  6.31864e-12  6.32077e-12
33  -0.033333   0.010000  1697  6.27087e-12  6.27231e-12
34  -0.031313   0.010000  1696  6.29297e-12  6.29461e-12
35  -0.029293   0.010000  1696  6.23332e-12  6.23535e-12
36  -0.027273   0.010000  1695  6.31690e-12  6.31859e-12
37  -0.025253   0.010000  1695  6.30655e-12  6.30748e-12
38  -0.023232   0.010000  1695  6.31830e-12  6.31926e-12
39  -0.021212   0.010000  1696  6.19971e-12  6.20135e-12
40  -0.019192   0.010000  1696  6.20134e-12  6.20344e-12
41  -0.017172   0.010000  1695  6.32112e-12  6.32350e-12
42  -0.015152   0.010000  1695  6.25033e-12  6.25174e-12
43  -0.013131   0.010000  1693  6.31186e-12  6.31368e-12
44  -0.011111   0.010000  1690  6.32203e-12  6.32409e-12
45  -0.009091   0.010000  1686  6.31658e-12  6.31779e-12
46  -0.007071   0.010000  1681  6.28739e-12  6.28896e-12
47  -0.005051   0.010000  1674  6.26612e-12  6.26842e-12
48  -0.003030   0.010000  1666  6.30732e-12  6.30925e-12
49  -0.001010   0.010000  1658  6.25278e-12  6.25439e-12
50   0.001010   0.010000  1648  6.19628e-12  6.19801e-12
51   0.003030   0.010000  1639  6.26190e-12  6.26369e-12
52   0.005051   0.010000  1631  6.20235e-12  6.20457e-12
53   0.007071   0.010000  1623  6.19499e-12  6.19693e-12
54   0.009091   0.010000  1615  6.30369e-12  6.30572e-12
55   0.011111   0.010000  1610  6.26982e-12  6.27235e-12
56   0.013131   0.010000  1605  6.16394e-12  6.16649e-12
57   0.015152   0.010000  1599  6.23516e-12  6.23858e-12
58   0.017172   0.010000  1593  6.25113e-12  6.25426e-12
59   0.019192   0.010000  1585  6.31018e-12  6.31377e-12
60   0.021212   0.010000  1577  6.15228e-12  6.15610e-12
61   0.023232   0.010000  1567  6.17720e-12  6.18166e-12
62   0.025253   0.010000  1555  6.19492e-12  6.19842e-12
63   0.027273   0.010000  1539  6.27707e-12  6.27991e-12
64   0.029293   0.010000  1524  6.29074e-12  6.29598e-12
65   0.031313   0.010000  1505  6.28160e-12  6.28845e-12
66   0.033333   0.010000  1486  6.25978e-12  6.26717e-12
67   0.035354   0.010000  1461  6.31443e-12  6.32049e-12
68   0.037374   0.010000  1430  6.31506e-12  6.32463e-12
69   0.039394   0.010000  1399  6.31362e-12  6.32180e-12
70   0.041414   0.010000  1363  6.25892e-12  6.27078e-12
71   0.043434   0.010000  1319  6.29183e-12  6.30390e-12
72   0.045455   0.010000  1273  6.31615e-12  6.32928e-12
73   0.047475   0.010000  1219  6.26039e-12  6.27945e-12
74   0.049495   0.010000  1161  6.20439e-12  6.22004e-12
75   0.051515   0.010000  1097  6.08287e-12  6.09946e-12
76   0.053535   0.010000  1032  6.30278e-12  6.31781e-12
77   0.055556   0.010000   965  6.29227e-12  6.30593e-12
78   0.057576   0.010000   905  6.08012e-12  6.09131e-12
79   0.059596   0.010000   852  6.19681e-12  6.20524e-12
80   0.061616   0.010000   804  6.18537e-12  6.19117e-12
81   0.063636   0.010000   763  6.27381e-12  6.28039e-12
82   0.065657   0.010000   729  6.12911e-12  6.13318e-12
83   0.067677   0.010000   699  6.13285e-12  6.13647e-12
84   0.069697   0.010000   674  6.11268e-12  6.11465e-12
85   0.071717   0.010000   653  6.30136e-12  6.30476e-12
86   0.073737   0.010000   637  6.20681e-12  6.20934e-12
87   0.075758   0.010000   623  6.19273e-12  6.19441e-12
88   0.077778   0.010000   611  5.99902e-12  6.00187e-12
89   0.079798   0.010000   601  5.93271e-12  5.93375e-12
90   0.081818   0.010000   593  6.11546e-12  6.11719e-12
91   0.083838   0.010000   587  6.18474e-12  6.18597e-12
92   0.085859   0.010000   583  6.24747e-12  6.24899e-12
93   0.087879   0.010000   581  6.13034e-12  6.13087e-12
94   0.089899   0.010000   580  6.24415e-12  6.24587e-12
95   0.091919   0.010000   582  6.08164e-12  6.08252e-12
96   0.093939   0.010000   585  6.23834e-12  6.23902e-12
97   0.095960   0.010000   590  6.21637e-12  6.21754e-12
98   0.097980   0.010000   597  6.10182e-12  6.10309e-12
99   0.100000   0.010000   606  6.14059e-12  6.14161e-12

--------------------

# Hybrid Parallel sMINRES Method with MPI-Based Shift Distribution and OpenMP-Based Parallelism for Shift Loop and SpMV (rank = 0/4)
# A = ../data/ELSES_MATRIX_VCNT4000std_A.mtx
# status = 25/25, time = 0.260464 sec
 0  -0.100000   0.010000  1472  5.93108e-12  5.93177e-12
 1  -0.097980   0.010000  1484  6.28733e-12  6.28742e-12
 2  -0.095960   0.010000  1499  6.24703e-12  6.24775e-12
 3  -0.093939   0.010000  1515  6.18300e-12  6.18321e-12
 4  -0.091919   0.010000  1532  5.97093e-12  5.97267e-12
 5  -0.089899   0.010000  1547  6.24533e-12  6.24600e-12
 6  -0.087879   0.010000  1565  6.24490e-12  6.24630e-12
 7  -0.085859   0.010000  1582  6.20874e-12  6.21029e-12
 8  -0.083838   0.010000  1597  6.12098e-12  6.12231e-12
 9  -0.081818   0.010000  1609  6.30246e-12  6.30394e-12
10  -0.079798   0.010000  1621  6.27904e-12  6.28023e-12
11  -0.077778   0.010000  1631  6.28917e-12  6.29038e-12
12  -0.075758   0.010000  1639  6.28016e-12  6.28161e-12
13  -0.073737   0.010000  1646  6.25613e-12  6.25747e-12
14  -0.071717   0.010000  1654  6.25438e-12  6.25528e-12
15  -0.069697   0.010000  1662  6.30014e-12  6.30117e-12
16  -0.067677   0.010000  1668  6.28644e-12  6.28786e-12
17  -0.065657   0.010000  1676  6.17095e-12  6.17197e-12
18  -0.063636   0.010000  1683  6.16551e-12  6.16660e-12
19  -0.061616   0.010000  1688  6.28107e-12  6.28222e-12
20  -0.059596   0.010000  1694  6.23624e-12  6.23779e-12
21  -0.057576   0.010000  1698  6.23704e-12  6.23901e-12
22  -0.055556   0.010000  1701  6.31928e-12  6.32154e-12
23  -0.053535   0.010000  1704  6.22858e-12  6.22928e-12
24  -0.051515   0.010000  1705  6.29540e-12  6.29682e-12
# Hybrid Parallel sMINRES Method with MPI-Based Shift Distribution and OpenMP-Based Parallelism for Shift Loop and SpMV (rank = 1/4)
# A = ../data/ELSES_MATRIX_VCNT4000std_A.mtx
# status = 25/25, time = 0.267222 sec
25  -0.049495   0.010000  1705  6.31007e-12  6.31125e-12
26  -0.047475   0.010000  1704  6.28641e-12  6.28799e-12
27  -0.045455   0.010000  1703  6.27795e-12  6.28039e-12
28  -0.043434   0.010000  1701  6.29734e-12  6.29857e-12
29  -0.041414   0.010000  1700  6.22244e-12  6.22394e-12
30  -0.039394   0.010000  1698  6.27191e-12  6.27301e-12
31  -0.037374   0.010000  1698  6.19239e-12  6.19419e-12
32  -0.035354   0.010000  1697  6.27599e-12  6.27709e-12
33  -0.033333   0.010000  1696  6.31316e-12  6.31428e-12
34  -0.031313   0.010000  1696  6.25632e-12  6.25695e-12
35  -0.029293   0.010000  1695  6.31215e-12  6.31356e-12
36  -0.027273   0.010000  1695  6.27218e-12  6.27447e-12
37  -0.025253   0.010000  1695  6.26147e-12  6.26321e-12
38  -0.023232   0.010000  1695  6.27255e-12  6.27435e-12
39  -0.021212   0.010000  1695  6.28951e-12  6.29030e-12
40  -0.019192   0.010000  1695  6.29525e-12  6.29645e-12
41  -0.017172   0.010000  1695  6.27264e-12  6.27502e-12
42  -0.015152   0.010000  1694  6.27411e-12  6.27568e-12
43  -0.013131   0.010000  1693  6.24328e-12  6.24498e-12
44  -0.011111   0.010000  1690  6.27928e-12  6.28124e-12
45  -0.009091   0.010000  1686  6.29021e-12  6.29198e-12
46  -0.007071   0.010000  1681  6.24731e-12  6.24837e-12
47  -0.005051   0.010000  1674  6.22775e-12  6.23006e-12
48  -0.003030   0.010000  1666  6.24594e-12  6.24753e-12
49  -0.001010   0.010000  1657  6.29743e-12  6.29929e-12
# Hybrid Parallel sMINRES Method with MPI-Based Shift Distribution and OpenMP-Based Parallelism for Shift Loop and SpMV (rank = 2/4)
# A = ../data/ELSES_MATRIX_VCNT4000std_A.mtx
# status = 25/25, time = 0.255462 sec
50   0.001010   0.010000  1647  6.26911e-12  6.27095e-12
51   0.003030   0.010000  1638  6.29856e-12  6.30109e-12
52   0.005051   0.010000  1630  6.26493e-12  6.26706e-12
53   0.007071   0.010000  1622  6.29007e-12  6.29138e-12
54   0.009091   0.010000  1615  6.26917e-12  6.27239e-12
55   0.011111   0.010000  1609  6.31200e-12  6.31556e-12
56   0.013131   0.010000  1604  6.29447e-12  6.29758e-12
57   0.015152   0.010000  1599  6.20573e-12  6.20849e-12
58   0.017172   0.010000  1593  6.18786e-12  6.19090e-12
59   0.019192   0.010000  1585  6.23483e-12  6.23783e-12
60   0.021212   0.010000  1575  6.27937e-12  6.28240e-12
61   0.023232   0.010000  1565  6.23522e-12  6.24015e-12
62   0.025253   0.010000  1552  6.31844e-12  6.32209e-12
63   0.027273   0.010000  1538  6.25151e-12  6.25616e-12
64   0.029293   0.010000  1524  6.17029e-12  6.17605e-12
65   0.031313   0.010000  1505  6.21208e-12  6.21455e-12
66   0.033333   0.010000  1485  6.24749e-12  6.25413e-12
67   0.035354   0.010000  1458  6.24887e-12  6.25728e-12
68   0.037374   0.010000  1430  6.17363e-12  6.18055e-12
69   0.039394   0.010000  1399  6.32137e-12  6.32980e-12
70   0.041414   0.010000  1367  6.15680e-12  6.16902e-12
71   0.043434   0.010000  1319  6.28748e-12  6.29922e-12
72   0.045455   0.010000  1273  6.28795e-12  6.30016e-12
73   0.047475   0.010000  1219  6.22647e-12  6.24224e-12
74   0.049495   0.010000  1161  6.17701e-12  6.19316e-12
# Hybrid Parallel sMINRES Method with MPI-Based Shift Distribution and OpenMP-Based Parallelism for Shift Loop and SpMV (rank = 3/4)
# A = ../data/ELSES_MATRIX_VCNT4000std_A.mtx
# status = 25/25, time = 0.156384 sec
75   0.051515   0.010000  1097  6.00226e-12  6.01683e-12
76   0.053535   0.010000  1032  6.31045e-12  6.32440e-12
77   0.055556   0.010000   965  6.22714e-12  6.23994e-12
78   0.057576   0.010000   905  6.08068e-12  6.09292e-12
79   0.059596   0.010000   852  6.20291e-12  6.21168e-12
80   0.061616   0.010000   803  6.31675e-12  6.32284e-12
81   0.063636   0.010000   763  6.28151e-12  6.28670e-12
82   0.065657   0.010000   729  6.12892e-12  6.13255e-12
83   0.067677   0.010000   699  6.13014e-12  6.13401e-12
84   0.069697   0.010000   674  6.12198e-12  6.12535e-12
85   0.071717   0.010000   653  6.29572e-12  6.29936e-12
86   0.073737   0.010000   637  6.26012e-12  6.26205e-12
87   0.075758   0.010000   623  6.18025e-12  6.18216e-12
88   0.077778   0.010000   611  5.99189e-12  5.99468e-12
89   0.079798   0.010000   601  5.92917e-12  5.93165e-12
90   0.081818   0.010000   593  6.09783e-12  6.09952e-12
91   0.083838   0.010000   587  6.18073e-12  6.18218e-12
92   0.085859   0.010000   583  6.24778e-12  6.24877e-12
93   0.087879   0.010000   581  6.13065e-12  6.13223e-12
94   0.089899   0.010000   580  6.27695e-12  6.27828e-12
95   0.091919   0.010000   582  6.12023e-12  6.12164e-12
96   0.093939   0.010000   585  6.23679e-12  6.23766e-12
97   0.095960   0.010000   590  6.21326e-12  6.21446e-12
98   0.097980   0.010000   597  6.08821e-12  6.08913e-12
99   0.100000   0.010000   606  6.15183e-12  6.15229e-12

--------------------

# No parallel sMINRES Method (OpenMP paralleism SpMV)
# A = ../data/ELSES_MATRIX_VCNT4000std_A.mtx
# status = 100/100, time = 2.55095 sec
 0  -0.100000   0.010000  1472  5.93108e-12  5.93177e-12
 1  -0.097980   0.010000  1484  6.28733e-12  6.28742e-12
 2  -0.095960   0.010000  1499  6.24703e-12  6.24775e-12
 3  -0.093939   0.010000  1515  6.18300e-12  6.18321e-12
 4  -0.091919   0.010000  1532  5.97093e-12  5.97267e-12
 5  -0.089899   0.010000  1547  6.24533e-12  6.24600e-12
 6  -0.087879   0.010000  1565  6.24490e-12  6.24630e-12
 7  -0.085859   0.010000  1582  6.20874e-12  6.21029e-12
 8  -0.083838   0.010000  1597  6.12098e-12  6.12231e-12
 9  -0.081818   0.010000  1609  6.30246e-12  6.30394e-12
10  -0.079798   0.010000  1621  6.27904e-12  6.28023e-12
11  -0.077778   0.010000  1631  6.28917e-12  6.29038e-12
12  -0.075758   0.010000  1639  6.28016e-12  6.28161e-12
13  -0.073737   0.010000  1646  6.25613e-12  6.25747e-12
14  -0.071717   0.010000  1654  6.25438e-12  6.25528e-12
15  -0.069697   0.010000  1662  6.30014e-12  6.30117e-12
16  -0.067677   0.010000  1668  6.28644e-12  6.28786e-12
17  -0.065657   0.010000  1676  6.17095e-12  6.17197e-12
18  -0.063636   0.010000  1683  6.16551e-12  6.16660e-12
19  -0.061616   0.010000  1688  6.28107e-12  6.28222e-12
20  -0.059596   0.010000  1694  6.23624e-12  6.23779e-12
21  -0.057576   0.010000  1698  6.23704e-12  6.23901e-12
22  -0.055556   0.010000  1701  6.31928e-12  6.32154e-12
23  -0.053535   0.010000  1704  6.22858e-12  6.22928e-12
24  -0.051515   0.010000  1705  6.29540e-12  6.29682e-12
25  -0.049495   0.010000  1705  6.31007e-12  6.31125e-12
26  -0.047475   0.010000  1704  6.28641e-12  6.28799e-12
27  -0.045455   0.010000  1703  6.27795e-12  6.28039e-12
28  -0.043434   0.010000  1701  6.29734e-12  6.29857e-12
29  -0.041414   0.010000  1700  6.22244e-12  6.22394e-12
30  -0.039394   0.010000  1698  6.27191e-12  6.27301e-12
31  -0.037374   0.010000  1698  6.19239e-12  6.19419e-12
32  -0.035354   0.010000  1697  6.27599e-12  6.27709e-12
33  -0.033333   0.010000  1696  6.31316e-12  6.31428e-12
34  -0.031313   0.010000  1696  6.25632e-12  6.25695e-12
35  -0.029293   0.010000  1695  6.31215e-12  6.31356e-12
36  -0.027273   0.010000  1695  6.27218e-12  6.27447e-12
37  -0.025253   0.010000  1695  6.26147e-12  6.26321e-12
38  -0.023232   0.010000  1695  6.27255e-12  6.27435e-12
39  -0.021212   0.010000  1695  6.28951e-12  6.29030e-12
40  -0.019192   0.010000  1695  6.29525e-12  6.29645e-12
41  -0.017172   0.010000  1695  6.27264e-12  6.27502e-12
42  -0.015152   0.010000  1694  6.27411e-12  6.27568e-12
43  -0.013131   0.010000  1693  6.24328e-12  6.24498e-12
44  -0.011111   0.010000  1690  6.27928e-12  6.28124e-12
45  -0.009091   0.010000  1686  6.29021e-12  6.29198e-12
46  -0.007071   0.010000  1681  6.24731e-12  6.24837e-12
47  -0.005051   0.010000  1674  6.22775e-12  6.23006e-12
48  -0.003030   0.010000  1666  6.24594e-12  6.24753e-12
49  -0.001010   0.010000  1657  6.29743e-12  6.29929e-12
50   0.001010   0.010000  1647  6.26911e-12  6.27095e-12
51   0.003030   0.010000  1638  6.29856e-12  6.30109e-12
52   0.005051   0.010000  1630  6.26493e-12  6.26706e-12
53   0.007071   0.010000  1622  6.29007e-12  6.29138e-12
54   0.009091   0.010000  1615  6.26917e-12  6.27239e-12
55   0.011111   0.010000  1609  6.31200e-12  6.31556e-12
56   0.013131   0.010000  1604  6.29447e-12  6.29758e-12
57   0.015152   0.010000  1599  6.20573e-12  6.20849e-12
58   0.017172   0.010000  1593  6.18786e-12  6.19090e-12
59   0.019192   0.010000  1585  6.23483e-12  6.23783e-12
60   0.021212   0.010000  1575  6.27937e-12  6.28240e-12
61   0.023232   0.010000  1565  6.23522e-12  6.24015e-12
62   0.025253   0.010000  1552  6.31844e-12  6.32209e-12
63   0.027273   0.010000  1538  6.25151e-12  6.25616e-12
64   0.029293   0.010000  1524  6.17029e-12  6.17605e-12
65   0.031313   0.010000  1505  6.21208e-12  6.21455e-12
66   0.033333   0.010000  1485  6.24749e-12  6.25413e-12
67   0.035354   0.010000  1458  6.24887e-12  6.25728e-12
68   0.037374   0.010000  1430  6.17363e-12  6.18055e-12
69   0.039394   0.010000  1399  6.32137e-12  6.32980e-12
70   0.041414   0.010000  1367  6.15680e-12  6.16902e-12
71   0.043434   0.010000  1319  6.28748e-12  6.29922e-12
72   0.045455   0.010000  1273  6.28795e-12  6.30016e-12
73   0.047475   0.010000  1219  6.22647e-12  6.24224e-12
74   0.049495   0.010000  1161  6.17701e-12  6.19316e-12
75   0.051515   0.010000  1097  6.00226e-12  6.01683e-12
76   0.053535   0.010000  1032  6.31045e-12  6.32440e-12
77   0.055556   0.010000   965  6.22714e-12  6.23994e-12
78   0.057576   0.010000   905  6.08068e-12  6.09292e-12
79   0.059596   0.010000   852  6.20291e-12  6.21168e-12
80   0.061616   0.010000   803  6.31675e-12  6.32284e-12
81   0.063636   0.010000   763  6.28151e-12  6.28670e-12
82   0.065657   0.010000   729  6.12892e-12  6.13255e-12
83   0.067677   0.010000   699  6.13014e-12  6.13401e-12
84   0.069697   0.010000   674  6.12198e-12  6.12535e-12
85   0.071717   0.010000   653  6.29572e-12  6.29936e-12
86   0.073737   0.010000   637  6.26012e-12  6.26205e-12
87   0.075758   0.010000   623  6.18025e-12  6.18216e-12
88   0.077778   0.010000   611  5.99189e-12  5.99468e-12
89   0.079798   0.010000   601  5.92917e-12  5.93165e-12
90   0.081818   0.010000   593  6.09783e-12  6.09952e-12
91   0.083838   0.010000   587  6.18073e-12  6.18218e-12
92   0.085859   0.010000   583  6.24778e-12  6.24877e-12
93   0.087879   0.010000   581  6.13065e-12  6.13223e-12
94   0.089899   0.010000   580  6.27695e-12  6.27828e-12
95   0.091919   0.010000   582  6.12023e-12  6.12164e-12
96   0.093939   0.010000   585  6.23679e-12  6.23766e-12
97   0.095960   0.010000   590  6.21326e-12  6.21446e-12
98   0.097980   0.010000   597  6.08821e-12  6.08913e-12
99   0.100000   0.010000   606  6.15183e-12  6.15229e-12
