# Hybrid Parallel sMINRES Method with MPI-Based Domain-Decomposed Vectors and OpenMP-Based Parallelism for Shift Loop and SpMV (rank = 0/4)
# A = ../data/ELSES_MATRIX_VCNT40000std_A.mtx
# status = 100/100, time = 32.1898 sec
 0  -0.100000   0.010000  1789  1.98988e-11  1.99016e-11
 1  -0.097980   0.010000  1794  1.98207e-11  1.98229e-11
 2  -0.095960   0.010000  1799  1.99153e-11  1.99181e-11
 3  -0.093939   0.010000  1804  1.97846e-11  1.97879e-11
 4  -0.091919   0.010000  1808  1.99059e-11  1.99095e-11
 5  -0.089899   0.010000  1812  1.98530e-11  1.98564e-11
 6  -0.087879   0.010000  1815  1.99588e-11  1.99619e-11
 7  -0.085859   0.010000  1818  1.98780e-11  1.98809e-11
 8  -0.083838   0.010000  1821  1.98311e-11  1.98345e-11
 9  -0.081818   0.010000  1823  1.99170e-11  1.99203e-11
10  -0.079798   0.010000  1825  1.97979e-11  1.98019e-11
11  -0.077778   0.010000  1826  1.98586e-11  1.98622e-11
12  -0.075758   0.010000  1827  1.98968e-11  1.99004e-11
13  -0.073737   0.010000  1828  1.97163e-11  1.97197e-11
14  -0.071717   0.010000  1828  1.99685e-11  1.99728e-11
15  -0.069697   0.010000  1830  1.98189e-11  1.98229e-11
16  -0.067677   0.010000  1832  1.97394e-11  1.97441e-11
17  -0.065657   0.010000  1834  1.98412e-11  1.98453e-11
18  -0.063636   0.010000  1836  1.99260e-11  1.99301e-11
19  -0.061616   0.010000  1838  1.99986e-11  2.00030e-11
20  -0.059596   0.010000  1841  1.97877e-11  1.97926e-11
21  -0.057576   0.010000  1842  1.98566e-11  1.98609e-11
22  -0.055556   0.010000  1843  1.99531e-11  1.99573e-11
23  -0.053535   0.010000  1844  1.97968e-11  1.98013e-11
24  -0.051515   0.010000  1844  1.97766e-11  1.97808e-11
25  -0.049495   0.010000  1843  1.98956e-11  1.99013e-11
26  -0.047475   0.010000  1842  1.97644e-11  1.97690e-11
27  -0.045455   0.010000  1840  1.99276e-11  1.99324e-11
28  -0.043434   0.010000  1838  1.99991e-11  2.00037e-11
29  -0.041414   0.010000  1837  1.99226e-11  1.99273e-11
30  -0.039394   0.010000  1836  1.97317e-11  1.97360e-11
31  -0.037374   0.010000  1835  1.97611e-11  1.97656e-11
32  -0.035354   0.010000  1834  1.97996e-11  1.98043e-11
33  -0.033333   0.010000  1833  1.99680e-11  1.99729e-11
34  -0.031313   0.010000  1833  1.98042e-11  1.98094e-11
35  -0.029293   0.010000  1832  1.98123e-11  1.98174e-11
36  -0.027273   0.010000  1831  1.99761e-11  1.99815e-11
37  -0.025253   0.010000  1830  1.99761e-11  1.99810e-11
38  -0.023232   0.010000  1830  1.97775e-11  1.97825e-11
39  -0.021212   0.010000  1829  1.99295e-11  1.99350e-11
40  -0.019192   0.010000  1828  1.99554e-11  1.99605e-11
41  -0.017172   0.010000  1828  1.97104e-11  1.97166e-11
42  -0.015152   0.010000  1826  1.99476e-11  1.99532e-11
43  -0.013131   0.010000  1824  1.99690e-11  1.99749e-11
44  -0.011111   0.010000  1822  1.98028e-11  1.98081e-11
45  -0.009091   0.010000  1818  1.99793e-11  1.99853e-11
46  -0.007071   0.010000  1814  1.99102e-11  1.99158e-11
47  -0.005051   0.010000  1809  1.99656e-11  1.99719e-11
48  -0.003030   0.010000  1804  1.95884e-11  1.95949e-11
49  -0.001010   0.010000  1797  1.98882e-11  1.98942e-11
50   0.001010   0.010000  1790  1.99625e-11  1.99688e-11
51   0.003030   0.010000  1784  1.98100e-11  1.98161e-11
52   0.005051   0.010000  1778  1.97581e-11  1.97652e-11
53   0.007071   0.010000  1772  1.98673e-11  1.98754e-11
54   0.009091   0.010000  1766  1.99463e-11  1.99537e-11
55   0.011111   0.010000  1760  1.98569e-11  1.98662e-11
56   0.013131   0.010000  1754  1.96709e-11  1.96799e-11
57   0.015152   0.010000  1747  1.97164e-11  1.97266e-11
58   0.017172   0.010000  1739  1.99364e-11  1.99465e-11
59   0.019192   0.010000  1731  1.99691e-11  1.99800e-11
60   0.021212   0.010000  1723  1.97119e-11  1.97237e-11
61   0.023232   0.010000  1713  1.98000e-11  1.98125e-11
62   0.025253   0.010000  1702  1.99751e-11  1.99908e-11
63   0.027273   0.010000  1689  1.97318e-11  1.97489e-11
64   0.029293   0.010000  1675  1.94868e-11  1.95040e-11
65   0.031313   0.010000  1658  1.98022e-11  1.98200e-11
66   0.033333   0.010000  1638  1.98164e-11  1.98380e-11
67   0.035354   0.010000  1616  1.96907e-11  1.97161e-11
68   0.037374   0.010000  1590  1.97307e-11  1.97578e-11
69   0.039394   0.010000  1562  1.96381e-11  1.96693e-11
70   0.041414   0.010000  1530  1.95663e-11  1.96016e-11
71   0.043434   0.010000  1492  1.98999e-11  1.99394e-11
72   0.045455   0.010000  1451  1.95815e-11  1.96290e-11
73   0.047475   0.010000  1401  1.96716e-11  1.97296e-11
74   0.049495   0.010000  1346  1.96957e-11  1.97550e-11
75   0.051515   0.010000  1282  1.99590e-11  2.00196e-11
76   0.053535   0.010000  1213  1.94705e-11  1.95301e-11
77   0.055556   0.010000  1139  1.98449e-11  1.98963e-11
78   0.057576   0.010000  1068  1.95837e-11  1.96265e-11
79   0.059596   0.010000   999  1.99520e-11  1.99836e-11
80   0.061616   0.010000   937  1.95630e-11  1.95896e-11
81   0.063636   0.010000   881  1.92163e-11  1.92377e-11
82   0.065657   0.010000   833  1.95026e-11  1.95188e-11
83   0.067677   0.010000   792  1.97393e-11  1.97523e-11
84   0.069697   0.010000   758  1.90553e-11  1.90672e-11
85   0.071717   0.010000   728  1.98141e-11  1.98257e-11
86   0.073737   0.010000   704  1.92354e-11  1.92450e-11
87   0.075758   0.010000   683  1.98615e-11  1.98693e-11
88   0.077778   0.010000   667  1.95332e-11  1.95401e-11
89   0.079798   0.010000   655  1.84150e-11  1.84208e-11
90   0.081818   0.010000   643  1.96659e-11  1.96723e-11
91   0.083838   0.010000   635  1.96064e-11  1.96116e-11
92   0.085859   0.010000   631  1.84025e-11  1.84071e-11
93   0.087879   0.010000   627  1.91754e-11  1.91790e-11
94   0.089899   0.010000   625  1.98602e-11  1.98638e-11
95   0.091919   0.010000   627  1.92230e-11  1.92261e-11
96   0.093939   0.010000   631  1.84745e-11  1.84789e-11
97   0.095960   0.010000   635  1.96934e-11  1.96971e-11
98   0.097980   0.010000   643  1.97452e-11  1.97492e-11
99   0.100000   0.010000   655  1.85880e-11  1.85928e-11

--------------------

# Hybrid Parallel sMINRES Method with MPI-Based Shift Distribution and OpenMP-Based Parallelism for Shift Loop and SpMV (rank = 0/4)
# A = ../data/ELSES_MATRIX_VCNT40000std_A.mtx
# status = 25/25, time = 207.159 sec
 0  -0.100000   0.010000  1789  1.99457e-11  1.99487e-11
 1  -0.097980   0.010000  1794  1.98360e-11  1.98386e-11
 2  -0.095960   0.010000  1799  1.99000e-11  1.99026e-11
 3  -0.093939   0.010000  1804  1.97687e-11  1.97717e-11
 4  -0.091919   0.010000  1808  1.98849e-11  1.98882e-11
 5  -0.089899   0.010000  1812  1.98470e-11  1.98503e-11
 6  -0.087879   0.010000  1815  1.99763e-11  1.99796e-11
 7  -0.085859   0.010000  1818  1.99230e-11  1.99266e-11
 8  -0.083838   0.010000  1821  1.98889e-11  1.98928e-11
 9  -0.081818   0.010000  1823  1.99995e-11  2.00034e-11
10  -0.079798   0.010000  1825  1.98825e-11  1.98861e-11
11  -0.077778   0.010000  1826  1.99521e-11  1.99558e-11
12  -0.075758   0.010000  1827  1.99695e-11  1.99731e-11
13  -0.073737   0.010000  1828  1.97907e-11  1.97940e-11
14  -0.071717   0.010000  1829  1.98420e-11  1.98462e-11
15  -0.069697   0.010000  1830  1.98947e-11  1.98984e-11
16  -0.067677   0.010000  1832  1.98280e-11  1.98316e-11
17  -0.065657   0.010000  1834  1.99080e-11  1.99116e-11
18  -0.063636   0.010000  1837  1.98087e-11  1.98125e-11
19  -0.061616   0.010000  1839  1.98452e-11  1.98503e-11
20  -0.059596   0.010000  1841  1.98669e-11  1.98712e-11
21  -0.057576   0.010000  1842  1.99457e-11  1.99497e-11
22  -0.055556   0.010000  1844  1.97200e-11  1.97240e-11
23  -0.053535   0.010000  1844  1.98746e-11  1.98793e-11
24  -0.051515   0.010000  1844  1.98542e-11  1.98588e-11
# Hybrid Parallel sMINRES Method with MPI-Based Shift Distribution and OpenMP-Based Parallelism for Shift Loop and SpMV (rank = 1/4)
# A = ../data/ELSES_MATRIX_VCNT40000std_A.mtx
# status = 25/25, time = 203.3 sec
25  -0.049495   0.010000  1844  1.96583e-11  1.96631e-11
26  -0.047475   0.010000  1842  1.98527e-11  1.98585e-11
27  -0.045455   0.010000  1841  1.97918e-11  1.97958e-11
28  -0.043434   0.010000  1839  1.98582e-11  1.98623e-11
29  -0.041414   0.010000  1838  1.96245e-11  1.96299e-11
30  -0.039394   0.010000  1836  1.98291e-11  1.98339e-11
31  -0.037374   0.010000  1835  1.98366e-11  1.98411e-11
32  -0.035354   0.010000  1834  1.98645e-11  1.98696e-11
33  -0.033333   0.010000  1834  1.96979e-11  1.97024e-11
34  -0.031313   0.010000  1833  1.99041e-11  1.99079e-11
35  -0.029293   0.010000  1832  1.98973e-11  1.99017e-11
36  -0.027273   0.010000  1832  1.96790e-11  1.96839e-11
37  -0.025253   0.010000  1831  1.98216e-11  1.98263e-11
38  -0.023232   0.010000  1830  1.98482e-11  1.98535e-11
39  -0.021212   0.010000  1830  1.96736e-11  1.96788e-11
40  -0.019192   0.010000  1829  1.98439e-11  1.98497e-11
41  -0.017172   0.010000  1828  1.97815e-11  1.97875e-11
42  -0.015152   0.010000  1827  1.98352e-11  1.98404e-11
43  -0.013131   0.010000  1825  1.98396e-11  1.98457e-11
44  -0.011111   0.010000  1822  1.98893e-11  1.98954e-11
45  -0.009091   0.010000  1819  1.98464e-11  1.98529e-11
46  -0.007071   0.010000  1814  1.99236e-11  1.99297e-11
47  -0.005051   0.010000  1809  1.99543e-11  1.99619e-11
48  -0.003030   0.010000  1804  1.95710e-11  1.95776e-11
49  -0.001010   0.010000  1797  1.99204e-11  1.99275e-11
# Hybrid Parallel sMINRES Method with MPI-Based Shift Distribution and OpenMP-Based Parallelism for Shift Loop and SpMV (rank = 2/4)
# A = ../data/ELSES_MATRIX_VCNT40000std_A.mtx
# status = 25/25, time = 194.176 sec
50   0.001010   0.010000  1790  1.99956e-11  2.00018e-11
51   0.003030   0.010000  1784  1.98710e-11  1.98779e-11
52   0.005051   0.010000  1778  1.98669e-11  1.98741e-11
53   0.007071   0.010000  1772  1.99940e-11  2.00012e-11
54   0.009091   0.010000  1767  1.97517e-11  1.97600e-11
55   0.011111   0.010000  1760  1.99112e-11  1.99195e-11
56   0.013131   0.010000  1754  1.97324e-11  1.97411e-11
57   0.015152   0.010000  1747  1.98484e-11  1.98579e-11
58   0.017172   0.010000  1740  1.97999e-11  1.98106e-11
59   0.019192   0.010000  1732  1.98969e-11  1.99086e-11
60   0.021212   0.010000  1723  1.98579e-11  1.98696e-11
61   0.023232   0.010000  1713  1.99217e-11  1.99357e-11
62   0.025253   0.010000  1703  1.95899e-11  1.96045e-11
63   0.027273   0.010000  1689  1.98341e-11  1.98516e-11
64   0.029293   0.010000  1675  1.95413e-11  1.95587e-11
65   0.031313   0.010000  1658  1.98354e-11  1.98532e-11
66   0.033333   0.010000  1638  1.98415e-11  1.98631e-11
67   0.035354   0.010000  1616  1.96917e-11  1.97171e-11
68   0.037374   0.010000  1590  1.97361e-11  1.97627e-11
69   0.039394   0.010000  1562  1.96799e-11  1.97122e-11
70   0.041414   0.010000  1530  1.97080e-11  1.97420e-11
71   0.043434   0.010000  1492  1.99321e-11  1.99742e-11
72   0.045455   0.010000  1451  1.95616e-11  1.96086e-11
73   0.047475   0.010000  1401  1.97282e-11  1.97845e-11
74   0.049495   0.010000  1346  1.97750e-11  1.98362e-11
# Hybrid Parallel sMINRES Method with MPI-Based Shift Distribution and OpenMP-Based Parallelism for Shift Loop and SpMV (rank = 3/4)
# A = ../data/ELSES_MATRIX_VCNT40000std_A.mtx
# status = 25/25, time = 123.039 sec
75   0.051515   0.010000  1282  1.99819e-11  2.00409e-11
76   0.053535   0.010000  1213  1.94898e-11  1.95468e-11
77   0.055556   0.010000  1139  1.98777e-11  1.99285e-11
78   0.057576   0.010000  1068  1.95840e-11  1.96265e-11
79   0.059596   0.010000  1000  1.90448e-11  1.90786e-11
80   0.061616   0.010000   937  1.96882e-11  1.97126e-11
81   0.063636   0.010000   881  1.92104e-11  1.92310e-11
82   0.065657   0.010000   833  1.94950e-11  1.95119e-11
83   0.067677   0.010000   792  1.97241e-11  1.97365e-11
84   0.069697   0.010000   758  1.89861e-11  1.89992e-11
85   0.071717   0.010000   728  1.98231e-11  1.98329e-11
86   0.073737   0.010000   704  1.93857e-11  1.93963e-11
87   0.075758   0.010000   683  1.98918e-11  1.98991e-11
88   0.077778   0.010000   667  1.95359e-11  1.95438e-11
89   0.079798   0.010000   655  1.84144e-11  1.84213e-11
90   0.081818   0.010000   643  1.97085e-11  1.97144e-11
91   0.083838   0.010000   635  1.96330e-11  1.96385e-11
92   0.085859   0.010000   631  1.84298e-11  1.84347e-11
93   0.087879   0.010000   627  1.92381e-11  1.92427e-11
94   0.089899   0.010000   625  1.99642e-11  1.99677e-11
95   0.091919   0.010000   627  1.92912e-11  1.92947e-11
96   0.093939   0.010000   631  1.85064e-11  1.85104e-11
97   0.095960   0.010000   635  1.97259e-11  1.97296e-11
98   0.097980   0.010000   643  1.98054e-11  1.98089e-11
99   0.100000   0.010000   655  1.85923e-11  1.85960e-11

--------------------

# No parallel sMINRES Method (OpenMP paralleism SpMV)
# A = ../data/ELSES_MATRIX_VCNT40000std_A.mtx
# status = 100/100, time = 160.371 sec
 0  -0.100000   0.010000  1789  1.99457e-11  1.99487e-11
 1  -0.097980   0.010000  1794  1.98360e-11  1.98386e-11
 2  -0.095960   0.010000  1799  1.99000e-11  1.99026e-11
 3  -0.093939   0.010000  1804  1.97687e-11  1.97717e-11
 4  -0.091919   0.010000  1808  1.98849e-11  1.98882e-11
 5  -0.089899   0.010000  1812  1.98470e-11  1.98503e-11
 6  -0.087879   0.010000  1815  1.99763e-11  1.99796e-11
 7  -0.085859   0.010000  1818  1.99230e-11  1.99266e-11
 8  -0.083838   0.010000  1821  1.98889e-11  1.98928e-11
 9  -0.081818   0.010000  1823  1.99995e-11  2.00034e-11
10  -0.079798   0.010000  1825  1.98825e-11  1.98861e-11
11  -0.077778   0.010000  1826  1.99521e-11  1.99558e-11
12  -0.075758   0.010000  1827  1.99695e-11  1.99731e-11
13  -0.073737   0.010000  1828  1.97907e-11  1.97940e-11
14  -0.071717   0.010000  1829  1.98420e-11  1.98462e-11
15  -0.069697   0.010000  1830  1.98947e-11  1.98984e-11
16  -0.067677   0.010000  1832  1.98280e-11  1.98316e-11
17  -0.065657   0.010000  1834  1.99080e-11  1.99116e-11
18  -0.063636   0.010000  1837  1.98087e-11  1.98125e-11
19  -0.061616   0.010000  1839  1.98452e-11  1.98503e-11
20  -0.059596   0.010000  1841  1.98669e-11  1.98712e-11
21  -0.057576   0.010000  1842  1.99457e-11  1.99497e-11
22  -0.055556   0.010000  1844  1.97200e-11  1.97240e-11
23  -0.053535   0.010000  1844  1.98746e-11  1.98793e-11
24  -0.051515   0.010000  1844  1.98542e-11  1.98588e-11
25  -0.049495   0.010000  1844  1.96583e-11  1.96631e-11
26  -0.047475   0.010000  1842  1.98527e-11  1.98585e-11
27  -0.045455   0.010000  1841  1.97918e-11  1.97958e-11
28  -0.043434   0.010000  1839  1.98582e-11  1.98623e-11
29  -0.041414   0.010000  1838  1.96245e-11  1.96299e-11
30  -0.039394   0.010000  1836  1.98291e-11  1.98339e-11
31  -0.037374   0.010000  1835  1.98366e-11  1.98411e-11
32  -0.035354   0.010000  1834  1.98645e-11  1.98696e-11
33  -0.033333   0.010000  1834  1.96979e-11  1.97024e-11
34  -0.031313   0.010000  1833  1.99041e-11  1.99079e-11
35  -0.029293   0.010000  1832  1.98973e-11  1.99017e-11
36  -0.027273   0.010000  1832  1.96790e-11  1.96839e-11
37  -0.025253   0.010000  1831  1.98216e-11  1.98263e-11
38  -0.023232   0.010000  1830  1.98482e-11  1.98535e-11
39  -0.021212   0.010000  1830  1.96736e-11  1.96788e-11
40  -0.019192   0.010000  1829  1.98439e-11  1.98497e-11
41  -0.017172   0.010000  1828  1.97815e-11  1.97875e-11
42  -0.015152   0.010000  1827  1.98352e-11  1.98404e-11
43  -0.013131   0.010000  1825  1.98396e-11  1.98457e-11
44  -0.011111   0.010000  1822  1.98893e-11  1.98954e-11
45  -0.009091   0.010000  1819  1.98464e-11  1.98529e-11
46  -0.007071   0.010000  1814  1.99236e-11  1.99297e-11
47  -0.005051   0.010000  1809  1.99543e-11  1.99619e-11
48  -0.003030   0.010000  1804  1.95710e-11  1.95776e-11
49  -0.001010   0.010000  1797  1.99204e-11  1.99275e-11
50   0.001010   0.010000  1790  1.99956e-11  2.00018e-11
51   0.003030   0.010000  1784  1.98710e-11  1.98779e-11
52   0.005051   0.010000  1778  1.98669e-11  1.98741e-11
53   0.007071   0.010000  1772  1.99940e-11  2.00012e-11
54   0.009091   0.010000  1767  1.97517e-11  1.97600e-11
55   0.011111   0.010000  1760  1.99112e-11  1.99195e-11
56   0.013131   0.010000  1754  1.97324e-11  1.97411e-11
57   0.015152   0.010000  1747  1.98484e-11  1.98579e-11
58   0.017172   0.010000  1740  1.97999e-11  1.98106e-11
59   0.019192   0.010000  1732  1.98969e-11  1.99086e-11
60   0.021212   0.010000  1723  1.98579e-11  1.98696e-11
61   0.023232   0.010000  1713  1.99217e-11  1.99357e-11
62   0.025253   0.010000  1703  1.95899e-11  1.96045e-11
63   0.027273   0.010000  1689  1.98341e-11  1.98516e-11
64   0.029293   0.010000  1675  1.95413e-11  1.95587e-11
65   0.031313   0.010000  1658  1.98354e-11  1.98532e-11
66   0.033333   0.010000  1638  1.98415e-11  1.98631e-11
67   0.035354   0.010000  1616  1.96917e-11  1.97171e-11
68   0.037374   0.010000  1590  1.97361e-11  1.97627e-11
69   0.039394   0.010000  1562  1.96799e-11  1.97122e-11
70   0.041414   0.010000  1530  1.97080e-11  1.97420e-11
71   0.043434   0.010000  1492  1.99321e-11  1.99742e-11
72   0.045455   0.010000  1451  1.95616e-11  1.96086e-11
73   0.047475   0.010000  1401  1.97282e-11  1.97845e-11
74   0.049495   0.010000  1346  1.97750e-11  1.98362e-11
75   0.051515   0.010000  1282  1.99819e-11  2.00409e-11
76   0.053535   0.010000  1213  1.94898e-11  1.95468e-11
77   0.055556   0.010000  1139  1.98777e-11  1.99285e-11
78   0.057576   0.010000  1068  1.95840e-11  1.96265e-11
79   0.059596   0.010000  1000  1.90448e-11  1.90786e-11
80   0.061616   0.010000   937  1.96882e-11  1.97126e-11
81   0.063636   0.010000   881  1.92104e-11  1.92310e-11
82   0.065657   0.010000   833  1.94950e-11  1.95119e-11
83   0.067677   0.010000   792  1.97241e-11  1.97365e-11
84   0.069697   0.010000   758  1.89861e-11  1.89992e-11
85   0.071717   0.010000   728  1.98231e-11  1.98329e-11
86   0.073737   0.010000   704  1.93857e-11  1.93963e-11
87   0.075758   0.010000   683  1.98918e-11  1.98991e-11
88   0.077778   0.010000   667  1.95359e-11  1.95438e-11
89   0.079798   0.010000   655  1.84144e-11  1.84213e-11
90   0.081818   0.010000   643  1.97085e-11  1.97144e-11
91   0.083838   0.010000   635  1.96330e-11  1.96385e-11
92   0.085859   0.010000   631  1.84298e-11  1.84347e-11
93   0.087879   0.010000   627  1.92381e-11  1.92427e-11
94   0.089899   0.010000   625  1.99642e-11  1.99677e-11
95   0.091919   0.010000   627  1.92912e-11  1.92947e-11
96   0.093939   0.010000   631  1.85064e-11  1.85104e-11
97   0.095960   0.010000   635  1.97259e-11  1.97296e-11
98   0.097980   0.010000   643  1.98054e-11  1.98089e-11
99   0.100000   0.010000   655  1.85923e-11  1.85960e-11
