# Hybrid Parallel sMINRES Method with MPI-Based Domain-Decomposed Vectors and OpenMP-Based Parallelism for Shift Loop and SpMV (rank = 0/4)
# A = ../data/ELSES_MATRIX_VCNT40000std_A.mtx
# status = 100/100, time = 3.59013 sec
 0  -0.100000   0.100000   192  1.87779e-11  1.87777e-11
 1  -0.097980   0.100000   192  1.92489e-11  1.92492e-11
 2  -0.095960   0.100000   192  1.97251e-11  1.97253e-11
 3  -0.093939   0.100000   193  1.78716e-11  1.78718e-11
 4  -0.091919   0.100000   193  1.83034e-11  1.83040e-11
 5  -0.089899   0.100000   193  1.87391e-11  1.87397e-11
 6  -0.087879   0.100000   193  1.91786e-11  1.91791e-11
 7  -0.085859   0.100000   193  1.96215e-11  1.96222e-11
 8  -0.083838   0.100000   194  1.69896e-11  1.69906e-11
 9  -0.081818   0.100000   194  1.73703e-11  1.73705e-11
10  -0.079798   0.100000   194  1.77530e-11  1.77537e-11
11  -0.077778   0.100000   194  1.81372e-11  1.81368e-11
12  -0.075758   0.100000   194  1.85225e-11  1.85229e-11
13  -0.073737   0.100000   194  1.89087e-11  1.89088e-11
14  -0.071717   0.100000   194  1.92954e-11  1.92956e-11
15  -0.069697   0.100000   194  1.96822e-11  1.96822e-11
16  -0.067677   0.100000   195  1.75741e-11  1.75748e-11
17  -0.065657   0.100000   195  1.79165e-11  1.79169e-11
18  -0.063636   0.100000   195  1.82581e-11  1.82587e-11
19  -0.061616   0.100000   195  1.85987e-11  1.85993e-11
20  -0.059596   0.100000   195  1.89378e-11  1.89384e-11
21  -0.057576   0.100000   195  1.92751e-11  1.92751e-11
22  -0.055556   0.100000   195  1.96102e-11  1.96102e-11
23  -0.053535   0.100000   195  1.99427e-11  1.99431e-11
24  -0.051515   0.100000   196  1.76659e-11  1.76663e-11
25  -0.049495   0.100000   196  1.79449e-11  1.79454e-11
26  -0.047475   0.100000   196  1.82203e-11  1.82207e-11
27  -0.045455   0.100000   196  1.84918e-11  1.84925e-11
28  -0.043434   0.100000   196  1.87590e-11  1.87592e-11
29  -0.041414   0.100000   196  1.90215e-11  1.90219e-11
30  -0.039394   0.100000   196  1.92790e-11  1.92796e-11
31  -0.037374   0.100000   196  1.95312e-11  1.95321e-11
32  -0.035354   0.100000   196  1.97778e-11  1.97782e-11
33  -0.033333   0.100000   197  1.75653e-11  1.75659e-11
34  -0.031313   0.100000   197  1.77777e-11  1.77786e-11
35  -0.029293   0.100000   197  1.79846e-11  1.79851e-11
36  -0.027273   0.100000   197  1.81857e-11  1.81859e-11
37  -0.025253   0.100000   197  1.83807e-11  1.83816e-11
38  -0.023232   0.100000   197  1.85693e-11  1.85694e-11
39  -0.021212   0.100000   197  1.87513e-11  1.87514e-11
40  -0.019192   0.100000   197  1.89264e-11  1.89271e-11
41  -0.017172   0.100000   197  1.90944e-11  1.90951e-11
42  -0.015152   0.100000   197  1.92551e-11  1.92558e-11
43  -0.013131   0.100000   197  1.94083e-11  1.94085e-11
44  -0.011111   0.100000   197  1.95537e-11  1.95543e-11
45  -0.009091   0.100000   197  1.96912e-11  1.96920e-11
46  -0.007071   0.100000   197  1.98207e-11  1.98212e-11
47  -0.005051   0.100000   197  1.99420e-11  1.99427e-11
48  -0.003030   0.100000   198  1.70521e-11  1.70531e-11
49  -0.001010   0.100000   198  1.71326e-11  1.71334e-11
50   0.001010   0.100000   198  1.72055e-11  1.72060e-11
51   0.003030   0.100000   198  1.72709e-11  1.72717e-11
52   0.005051   0.100000   198  1.73287e-11  1.73286e-11
53   0.007071   0.100000   198  1.73789e-11  1.73794e-11
54   0.009091   0.100000   198  1.74216e-11  1.74223e-11
55   0.011111   0.100000   198  1.74568e-11  1.74573e-11
56   0.013131   0.100000   198  1.74847e-11  1.74855e-11
57   0.015152   0.100000   198  1.75054e-11  1.75061e-11
58   0.017172   0.100000   198  1.75190e-11  1.75197e-11
59   0.019192   0.100000   198  1.75259e-11  1.75270e-11
60   0.021212   0.100000   198  1.75261e-11  1.75271e-11
61   0.023232   0.100000   198  1.75199e-11  1.75209e-11
62   0.025253   0.100000   198  1.75078e-11  1.75084e-11
63   0.027273   0.100000   198  1.74899e-11  1.74906e-11
64   0.029293   0.100000   198  1.74666e-11  1.74676e-11
65   0.031313   0.100000   198  1.74385e-11  1.74385e-11
66   0.033333   0.100000   198  1.74057e-11  1.74064e-11
67   0.035354   0.100000   198  1.73690e-11  1.73700e-11
68   0.037374   0.100000   198  1.73286e-11  1.73299e-11
69   0.039394   0.100000   198  1.72851e-11  1.72856e-11
70   0.041414   0.100000   198  1.72391e-11  1.72407e-11
71   0.043434   0.100000   198  1.71911e-11  1.71927e-11
72   0.045455   0.100000   198  1.71417e-11  1.71423e-11
73   0.047475   0.100000   198  1.70915e-11  1.70923e-11
74   0.049495   0.100000   198  1.70411e-11  1.70415e-11
75   0.051515   0.100000   198  1.69910e-11  1.69909e-11
76   0.053535   0.100000   198  1.69419e-11  1.69430e-11
77   0.055556   0.100000   198  1.68945e-11  1.68952e-11
78   0.057576   0.100000   198  1.68493e-11  1.68505e-11
79   0.059596   0.100000   198  1.68070e-11  1.68075e-11
80   0.061616   0.100000   198  1.67682e-11  1.67695e-11
81   0.063636   0.100000   198  1.67335e-11  1.67342e-11
82   0.065657   0.100000   198  1.67035e-11  1.67040e-11
83   0.067677   0.100000   198  1.66787e-11  1.66793e-11
84   0.069697   0.100000   198  1.66597e-11  1.66603e-11
85   0.071717   0.100000   198  1.66471e-11  1.66478e-11
86   0.073737   0.100000   198  1.66414e-11  1.66424e-11
87   0.075758   0.100000   198  1.66430e-11  1.66438e-11
88   0.077778   0.100000   198  1.66524e-11  1.66530e-11
89   0.079798   0.100000   198  1.66701e-11  1.66705e-11
90   0.081818   0.100000   198  1.66964e-11  1.66968e-11
91   0.083838   0.100000   198  1.67317e-11  1.67326e-11
92   0.085859   0.100000   198  1.67763e-11  1.67773e-11
93   0.087879   0.100000   198  1.68306e-11  1.68312e-11
94   0.089899   0.100000   198  1.68948e-11  1.68951e-11
95   0.091919   0.100000   198  1.69690e-11  1.69702e-11
96   0.093939   0.100000   198  1.70536e-11  1.70543e-11
97   0.095960   0.100000   198  1.71485e-11  1.71495e-11
98   0.097980   0.100000   198  1.72540e-11  1.72546e-11
99   0.100000   0.100000   198  1.73700e-11  1.73712e-11

--------------------

# Hybrid Parallel sMINRES Method with MPI-Based Shift Distribution and OpenMP-Based Parallelism for Shift Loop and SpMV (rank = 0/4)
# A = ../data/ELSES_MATRIX_VCNT40000std_A.mtx
# status = 25/25, time = 20.7442 sec
 0  -0.100000   0.100000   192  1.87779e-11  1.87778e-11
 1  -0.097980   0.100000   192  1.92489e-11  1.92490e-11
 2  -0.095960   0.100000   192  1.97251e-11  1.97252e-11
 3  -0.093939   0.100000   193  1.78716e-11  1.78720e-11
 4  -0.091919   0.100000   193  1.83033e-11  1.83038e-11
 5  -0.089899   0.100000   193  1.87391e-11  1.87398e-11
 6  -0.087879   0.100000   193  1.91786e-11  1.91791e-11
 7  -0.085859   0.100000   193  1.96215e-11  1.96220e-11
 8  -0.083838   0.100000   194  1.69896e-11  1.69904e-11
 9  -0.081818   0.100000   194  1.73703e-11  1.73705e-11
10  -0.079798   0.100000   194  1.77530e-11  1.77536e-11
11  -0.077778   0.100000   194  1.81371e-11  1.81368e-11
12  -0.075758   0.100000   194  1.85225e-11  1.85229e-11
13  -0.073737   0.100000   194  1.89087e-11  1.89088e-11
14  -0.071717   0.100000   194  1.92954e-11  1.92956e-11
15  -0.069697   0.100000   194  1.96822e-11  1.96823e-11
16  -0.067677   0.100000   195  1.75741e-11  1.75750e-11
17  -0.065657   0.100000   195  1.79164e-11  1.79170e-11
18  -0.063636   0.100000   195  1.82581e-11  1.82588e-11
19  -0.061616   0.100000   195  1.85986e-11  1.85993e-11
20  -0.059596   0.100000   195  1.89377e-11  1.89383e-11
21  -0.057576   0.100000   195  1.92750e-11  1.92752e-11
22  -0.055556   0.100000   195  1.96101e-11  1.96100e-11
23  -0.053535   0.100000   195  1.99427e-11  1.99430e-11
24  -0.051515   0.100000   196  1.76659e-11  1.76661e-11
# Hybrid Parallel sMINRES Method with MPI-Based Shift Distribution and OpenMP-Based Parallelism for Shift Loop and SpMV (rank = 1/4)
# A = ../data/ELSES_MATRIX_VCNT40000std_A.mtx
# status = 25/25, time = 21.3526 sec
25  -0.049495   0.100000   196  1.79449e-11  1.79453e-11
26  -0.047475   0.100000   196  1.82203e-11  1.82206e-11
27  -0.045455   0.100000   196  1.84918e-11  1.84924e-11
28  -0.043434   0.100000   196  1.87589e-11  1.87592e-11
29  -0.041414   0.100000   196  1.90215e-11  1.90220e-11
30  -0.039394   0.100000   196  1.92790e-11  1.92798e-11
31  -0.037374   0.100000   196  1.95312e-11  1.95321e-11
32  -0.035354   0.100000   196  1.97777e-11  1.97783e-11
33  -0.033333   0.100000   197  1.75652e-11  1.75657e-11
34  -0.031313   0.100000   197  1.77777e-11  1.77784e-11
35  -0.029293   0.100000   197  1.79846e-11  1.79850e-11
36  -0.027273   0.100000   197  1.81857e-11  1.81857e-11
37  -0.025253   0.100000   197  1.83806e-11  1.83814e-11
38  -0.023232   0.100000   197  1.85692e-11  1.85696e-11
39  -0.021212   0.100000   197  1.87512e-11  1.87514e-11
40  -0.019192   0.100000   197  1.89263e-11  1.89272e-11
41  -0.017172   0.100000   197  1.90943e-11  1.90950e-11
42  -0.015152   0.100000   197  1.92550e-11  1.92559e-11
43  -0.013131   0.100000   197  1.94082e-11  1.94082e-11
44  -0.011111   0.100000   197  1.95536e-11  1.95543e-11
45  -0.009091   0.100000   197  1.96912e-11  1.96921e-11
46  -0.007071   0.100000   197  1.98207e-11  1.98211e-11
47  -0.005051   0.100000   197  1.99420e-11  1.99425e-11
48  -0.003030   0.100000   198  1.70520e-11  1.70529e-11
49  -0.001010   0.100000   198  1.71325e-11  1.71333e-11
# Hybrid Parallel sMINRES Method with MPI-Based Shift Distribution and OpenMP-Based Parallelism for Shift Loop and SpMV (rank = 2/4)
# A = ../data/ELSES_MATRIX_VCNT40000std_A.mtx
# status = 25/25, time = 21.4305 sec
50   0.001010   0.100000   198  1.72055e-11  1.72057e-11
51   0.003030   0.100000   198  1.72708e-11  1.72721e-11
52   0.005051   0.100000   198  1.73286e-11  1.73287e-11
53   0.007071   0.100000   198  1.73788e-11  1.73795e-11
54   0.009091   0.100000   198  1.74215e-11  1.74220e-11
55   0.011111   0.100000   198  1.74567e-11  1.74568e-11
56   0.013131   0.100000   198  1.74846e-11  1.74850e-11
57   0.015152   0.100000   198  1.75053e-11  1.75062e-11
58   0.017172   0.100000   198  1.75190e-11  1.75198e-11
59   0.019192   0.100000   198  1.75258e-11  1.75269e-11
60   0.021212   0.100000   198  1.75260e-11  1.75272e-11
61   0.023232   0.100000   198  1.75199e-11  1.75207e-11
62   0.025253   0.100000   198  1.75077e-11  1.75081e-11
63   0.027273   0.100000   198  1.74898e-11  1.74908e-11
64   0.029293   0.100000   198  1.74666e-11  1.74676e-11
65   0.031313   0.100000   198  1.74384e-11  1.74387e-11
66   0.033333   0.100000   198  1.74057e-11  1.74068e-11
67   0.035354   0.100000   198  1.73689e-11  1.73700e-11
68   0.037374   0.100000   198  1.73285e-11  1.73297e-11
69   0.039394   0.100000   198  1.72851e-11  1.72856e-11
70   0.041414   0.100000   198  1.72391e-11  1.72405e-11
71   0.043434   0.100000   198  1.71911e-11  1.71921e-11
72   0.045455   0.100000   198  1.71417e-11  1.71421e-11
73   0.047475   0.100000   198  1.70914e-11  1.70920e-11
74   0.049495   0.100000   198  1.70410e-11  1.70418e-11
# Hybrid Parallel sMINRES Method with MPI-Based Shift Distribution and OpenMP-Based Parallelism for Shift Loop and SpMV (rank = 3/4)
# A = ../data/ELSES_MATRIX_VCNT40000std_A.mtx
# status = 25/25, time = 20.7147 sec
75   0.051515   0.100000   198  1.69909e-11  1.69909e-11
76   0.053535   0.100000   198  1.69418e-11  1.69430e-11
77   0.055556   0.100000   198  1.68944e-11  1.68950e-11
78   0.057576   0.100000   198  1.68492e-11  1.68504e-11
79   0.059596   0.100000   198  1.68069e-11  1.68077e-11
80   0.061616   0.100000   198  1.67681e-11  1.67692e-11
81   0.063636   0.100000   198  1.67334e-11  1.67340e-11
82   0.065657   0.100000   198  1.67034e-11  1.67039e-11
83   0.067677   0.100000   198  1.66786e-11  1.66796e-11
84   0.069697   0.100000   198  1.66597e-11  1.66603e-11
85   0.071717   0.100000   198  1.66471e-11  1.66477e-11
86   0.073737   0.100000   198  1.66413e-11  1.66425e-11
87   0.075758   0.100000   198  1.66429e-11  1.66439e-11
88   0.077778   0.100000   198  1.66523e-11  1.66529e-11
89   0.079798   0.100000   198  1.66700e-11  1.66703e-11
90   0.081818   0.100000   198  1.66963e-11  1.66969e-11
91   0.083838   0.100000   198  1.67316e-11  1.67325e-11
92   0.085859   0.100000   198  1.67763e-11  1.67775e-11
93   0.087879   0.100000   198  1.68305e-11  1.68314e-11
94   0.089899   0.100000   198  1.68947e-11  1.68952e-11
95   0.091919   0.100000   198  1.69689e-11  1.69704e-11
96   0.093939   0.100000   198  1.70535e-11  1.70543e-11
97   0.095960   0.100000   198  1.71484e-11  1.71492e-11
98   0.097980   0.100000   198  1.72539e-11  1.72547e-11
99   0.100000   0.100000   198  1.73700e-11  1.73710e-11

--------------------

# No parallel sMINRES Method (OpenMP paralleism SpMV)
# A = ../data/ELSES_MATRIX_VCNT40000std_A.mtx
# status = 100/100, time = 16.4638 sec
 0  -0.100000   0.100000   192  1.87779e-11  1.87778e-11
 1  -0.097980   0.100000   192  1.92489e-11  1.92490e-11
 2  -0.095960   0.100000   192  1.97251e-11  1.97252e-11
 3  -0.093939   0.100000   193  1.78716e-11  1.78720e-11
 4  -0.091919   0.100000   193  1.83033e-11  1.83038e-11
 5  -0.089899   0.100000   193  1.87391e-11  1.87398e-11
 6  -0.087879   0.100000   193  1.91786e-11  1.91791e-11
 7  -0.085859   0.100000   193  1.96215e-11  1.96220e-11
 8  -0.083838   0.100000   194  1.69896e-11  1.69904e-11
 9  -0.081818   0.100000   194  1.73703e-11  1.73705e-11
10  -0.079798   0.100000   194  1.77530e-11  1.77536e-11
11  -0.077778   0.100000   194  1.81371e-11  1.81368e-11
12  -0.075758   0.100000   194  1.85225e-11  1.85229e-11
13  -0.073737   0.100000   194  1.89087e-11  1.89088e-11
14  -0.071717   0.100000   194  1.92954e-11  1.92956e-11
15  -0.069697   0.100000   194  1.96822e-11  1.96823e-11
16  -0.067677   0.100000   195  1.75741e-11  1.75750e-11
17  -0.065657   0.100000   195  1.79164e-11  1.79170e-11
18  -0.063636   0.100000   195  1.82581e-11  1.82588e-11
19  -0.061616   0.100000   195  1.85986e-11  1.85993e-11
20  -0.059596   0.100000   195  1.89377e-11  1.89383e-11
21  -0.057576   0.100000   195  1.92750e-11  1.92752e-11
22  -0.055556   0.100000   195  1.96101e-11  1.96100e-11
23  -0.053535   0.100000   195  1.99427e-11  1.99430e-11
24  -0.051515   0.100000   196  1.76659e-11  1.76661e-11
25  -0.049495   0.100000   196  1.79449e-11  1.79453e-11
26  -0.047475   0.100000   196  1.82203e-11  1.82206e-11
27  -0.045455   0.100000   196  1.84918e-11  1.84924e-11
28  -0.043434   0.100000   196  1.87589e-11  1.87592e-11
29  -0.041414   0.100000   196  1.90215e-11  1.90220e-11
30  -0.039394   0.100000   196  1.92790e-11  1.92798e-11
31  -0.037374   0.100000   196  1.95312e-11  1.95321e-11
32  -0.035354   0.100000   196  1.97777e-11  1.97783e-11
33  -0.033333   0.100000   197  1.75652e-11  1.75657e-11
34  -0.031313   0.100000   197  1.77777e-11  1.77784e-11
35  -0.029293   0.100000   197  1.79846e-11  1.79850e-11
36  -0.027273   0.100000   197  1.81857e-11  1.81857e-11
37  -0.025253   0.100000   197  1.83806e-11  1.83814e-11
38  -0.023232   0.100000   197  1.85692e-11  1.85696e-11
39  -0.021212   0.100000   197  1.87512e-11  1.87514e-11
40  -0.019192   0.100000   197  1.89263e-11  1.89272e-11
41  -0.017172   0.100000   197  1.90943e-11  1.90950e-11
42  -0.015152   0.100000   197  1.92550e-11  1.92559e-11
43  -0.013131   0.100000   197  1.94082e-11  1.94082e-11
44  -0.011111   0.100000   197  1.95536e-11  1.95543e-11
45  -0.009091   0.100000   197  1.96912e-11  1.96921e-11
46  -0.007071   0.100000   197  1.98207e-11  1.98211e-11
47  -0.005051   0.100000   197  1.99420e-11  1.99425e-11
48  -0.003030   0.100000   198  1.70520e-11  1.70529e-11
49  -0.001010   0.100000   198  1.71325e-11  1.71333e-11
50   0.001010   0.100000   198  1.72055e-11  1.72057e-11
51   0.003030   0.100000   198  1.72708e-11  1.72721e-11
52   0.005051   0.100000   198  1.73286e-11  1.73287e-11
53   0.007071   0.100000   198  1.73788e-11  1.73795e-11
54   0.009091   0.100000   198  1.74215e-11  1.74220e-11
55   0.011111   0.100000   198  1.74567e-11  1.74568e-11
56   0.013131   0.100000   198  1.74846e-11  1.74850e-11
57   0.015152   0.100000   198  1.75053e-11  1.75062e-11
58   0.017172   0.100000   198  1.75190e-11  1.75198e-11
59   0.019192   0.100000   198  1.75258e-11  1.75269e-11
60   0.021212   0.100000   198  1.75260e-11  1.75272e-11
61   0.023232   0.100000   198  1.75199e-11  1.75207e-11
62   0.025253   0.100000   198  1.75077e-11  1.75081e-11
63   0.027273   0.100000   198  1.74898e-11  1.74908e-11
64   0.029293   0.100000   198  1.74666e-11  1.74676e-11
65   0.031313   0.100000   198  1.74384e-11  1.74387e-11
66   0.033333   0.100000   198  1.74057e-11  1.74068e-11
67   0.035354   0.100000   198  1.73689e-11  1.73700e-11
68   0.037374   0.100000   198  1.73285e-11  1.73297e-11
69   0.039394   0.100000   198  1.72851e-11  1.72856e-11
70   0.041414   0.100000   198  1.72391e-11  1.72405e-11
71   0.043434   0.100000   198  1.71911e-11  1.71921e-11
72   0.045455   0.100000   198  1.71417e-11  1.71421e-11
73   0.047475   0.100000   198  1.70914e-11  1.70920e-11
74   0.049495   0.100000   198  1.70410e-11  1.70418e-11
75   0.051515   0.100000   198  1.69909e-11  1.69909e-11
76   0.053535   0.100000   198  1.69418e-11  1.69430e-11
77   0.055556   0.100000   198  1.68944e-11  1.68950e-11
78   0.057576   0.100000   198  1.68492e-11  1.68504e-11
79   0.059596   0.100000   198  1.68069e-11  1.68077e-11
80   0.061616   0.100000   198  1.67681e-11  1.67692e-11
81   0.063636   0.100000   198  1.67334e-11  1.67340e-11
82   0.065657   0.100000   198  1.67034e-11  1.67039e-11
83   0.067677   0.100000   198  1.66786e-11  1.66796e-11
84   0.069697   0.100000   198  1.66597e-11  1.66603e-11
85   0.071717   0.100000   198  1.66471e-11  1.66477e-11
86   0.073737   0.100000   198  1.66413e-11  1.66425e-11
87   0.075758   0.100000   198  1.66429e-11  1.66439e-11
88   0.077778   0.100000   198  1.66523e-11  1.66529e-11
89   0.079798   0.100000   198  1.66700e-11  1.66703e-11
90   0.081818   0.100000   198  1.66963e-11  1.66969e-11
91   0.083838   0.100000   198  1.67316e-11  1.67325e-11
92   0.085859   0.100000   198  1.67763e-11  1.67775e-11
93   0.087879   0.100000   198  1.68305e-11  1.68314e-11
94   0.089899   0.100000   198  1.68947e-11  1.68952e-11
95   0.091919   0.100000   198  1.69689e-11  1.69704e-11
96   0.093939   0.100000   198  1.70535e-11  1.70543e-11
97   0.095960   0.100000   198  1.71484e-11  1.71492e-11
98   0.097980   0.100000   198  1.72539e-11  1.72547e-11
99   0.100000   0.100000   198  1.73700e-11  1.73710e-11
