# Hybrid Parallel sMINRES Method with MPI-Based Domain-Decomposed Vectors and OpenMP-Based Parallelism for Shift Loop and SpMV (rank = 0/4)
# A = ../data/ELSES_MATRIX_VCNT4000std_A.mtx
# status = 100/100, time = 0.400672 sec
 0  -0.100000   0.100000   188  6.11684e-12  6.11673e-12
 1  -0.097980   0.100000   188  6.27392e-12  6.27408e-12
 2  -0.095960   0.100000   189  5.65167e-12  5.65185e-12
 3  -0.093939   0.100000   189  5.79325e-12  5.79351e-12
 4  -0.091919   0.100000   189  5.93611e-12  5.93671e-12
 5  -0.089899   0.100000   189  6.08014e-12  6.08047e-12
 6  -0.087879   0.100000   189  6.22524e-12  6.22509e-12
 7  -0.085859   0.100000   190  5.45279e-12  5.45268e-12
 8  -0.083838   0.100000   190  5.57792e-12  5.57811e-12
 9  -0.081818   0.100000   190  5.70354e-12  5.70356e-12
10  -0.079798   0.100000   190  5.82953e-12  5.82982e-12
11  -0.077778   0.100000   190  5.95577e-12  5.95599e-12
12  -0.075758   0.100000   190  6.08213e-12  6.08214e-12
13  -0.073737   0.100000   190  6.20847e-12  6.20871e-12
14  -0.071717   0.100000   191  5.41786e-12  5.41832e-12
15  -0.069697   0.100000   191  5.52711e-12  5.52753e-12
16  -0.067677   0.100000   191  5.63612e-12  5.63628e-12
17  -0.065657   0.100000   191  5.74475e-12  5.74516e-12
18  -0.063636   0.100000   191  5.85289e-12  5.85274e-12
19  -0.061616   0.100000   191  5.96042e-12  5.96024e-12
20  -0.059596   0.100000   191  6.06719e-12  6.06701e-12
21  -0.057576   0.100000   191  6.17310e-12  6.17331e-12
22  -0.055556   0.100000   191  6.27800e-12  6.27820e-12
23  -0.053535   0.100000   192  5.61127e-12  5.61079e-12
24  -0.051515   0.100000   192  5.69971e-12  5.69972e-12
25  -0.049495   0.100000   192  5.78678e-12  5.78722e-12
26  -0.047475   0.100000   192  5.87237e-12  5.87290e-12
27  -0.045455   0.100000   192  5.95636e-12  5.95659e-12
28  -0.043434   0.100000   192  6.03864e-12  6.03911e-12
29  -0.041414   0.100000   192  6.11908e-12  6.11928e-12
30  -0.039394   0.100000   192  6.19758e-12  6.19745e-12
31  -0.037374   0.100000   192  6.27401e-12  6.27429e-12
32  -0.035354   0.100000   193  5.56279e-12  5.56301e-12
33  -0.033333   0.100000   193  5.62772e-12  5.62766e-12
34  -0.031313   0.100000   193  5.69067e-12  5.69069e-12
35  -0.029293   0.100000   193  5.75156e-12  5.75204e-12
36  -0.027273   0.100000   193  5.81028e-12  5.81036e-12
37  -0.025253   0.100000   193  5.86676e-12  5.86717e-12
38  -0.023232   0.100000   193  5.92092e-12  5.92127e-12
39  -0.021212   0.100000   193  5.97268e-12  5.97290e-12
40  -0.019192   0.100000   193  6.02198e-12  6.02233e-12
41  -0.017172   0.100000   193  6.06873e-12  6.06947e-12
42  -0.015152   0.100000   193  6.11289e-12  6.11283e-12
43  -0.013131   0.100000   193  6.15439e-12  6.15474e-12
44  -0.011111   0.100000   193  6.19319e-12  6.19328e-12
45  -0.009091   0.100000   193  6.22924e-12  6.22932e-12
46  -0.007071   0.100000   193  6.26250e-12  6.26292e-12
47  -0.005051   0.100000   193  6.29294e-12  6.29352e-12
48  -0.003030   0.100000   193  6.32054e-12  6.32073e-12
49  -0.001010   0.100000   194  5.36601e-12  5.36639e-12
50   0.001010   0.100000   194  5.38163e-12  5.38215e-12
51   0.003030   0.100000   194  5.39470e-12  5.39465e-12
52   0.005051   0.100000   194  5.40523e-12  5.40534e-12
53   0.007071   0.100000   194  5.41326e-12  5.41368e-12
54   0.009091   0.100000   194  5.41881e-12  5.41899e-12
55   0.011111   0.100000   194  5.42194e-12  5.42239e-12
56   0.013131   0.100000   194  5.42268e-12  5.42250e-12
57   0.015152   0.100000   194  5.42112e-12  5.42119e-12
58   0.017172   0.100000   194  5.41733e-12  5.41673e-12
59   0.019192   0.100000   194  5.41138e-12  5.41149e-12
60   0.021212   0.100000   194  5.40338e-12  5.40346e-12
61   0.023232   0.100000   194  5.39343e-12  5.39329e-12
62   0.025253   0.100000   194  5.38165e-12  5.38190e-12
63   0.027273   0.100000   194  5.36817e-12  5.36852e-12
64   0.029293   0.100000   194  5.35311e-12  5.35356e-12
65   0.031313   0.100000   194  5.33662e-12  5.33761e-12
66   0.033333   0.100000   194  5.31887e-12  5.31899e-12
67   0.035354   0.100000   194  5.30001e-12  5.30035e-12
68   0.037374   0.100000   194  5.28021e-12  5.28096e-12
69   0.039394   0.100000   193  6.30937e-12  6.30994e-12
70   0.041414   0.100000   193  6.28937e-12  6.28949e-12
71   0.043434   0.100000   193  6.26888e-12  6.26959e-12
72   0.045455   0.100000   193  6.24813e-12  6.24806e-12
73   0.047475   0.100000   193  6.22733e-12  6.22801e-12
74   0.049495   0.100000   193  6.20672e-12  6.20699e-12
75   0.051515   0.100000   193  6.18652e-12  6.18724e-12
76   0.053535   0.100000   193  6.16697e-12  6.16727e-12
77   0.055556   0.100000   193  6.14831e-12  6.14882e-12
78   0.057576   0.100000   193  6.13075e-12  6.13113e-12
79   0.059596   0.100000   193  6.11454e-12  6.11486e-12
80   0.061616   0.100000   193  6.09989e-12  6.10005e-12
81   0.063636   0.100000   193  6.08703e-12  6.08732e-12
82   0.065657   0.100000   193  6.07618e-12  6.07606e-12
83   0.067677   0.100000   193  6.06755e-12  6.06777e-12
84   0.069697   0.100000   193  6.06134e-12  6.06204e-12
85   0.071717   0.100000   193  6.05774e-12  6.05791e-12
86   0.073737   0.100000   193  6.05695e-12  6.05772e-12
87   0.075758   0.100000   193  6.05914e-12  6.05929e-12
88   0.077778   0.100000   193  6.06449e-12  6.06429e-12
89   0.079798   0.100000   193  6.07314e-12  6.07356e-12
90   0.081818   0.100000   193  6.08524e-12  6.08526e-12
91   0.083838   0.100000   193  6.10093e-12  6.10126e-12
92   0.085859   0.100000   193  6.12034e-12  6.12074e-12
93   0.087879   0.100000   193  6.14357e-12  6.14419e-12
94   0.089899   0.100000   193  6.17071e-12  6.17073e-12
95   0.091919   0.100000   193  6.20186e-12  6.20240e-12
96   0.093939   0.100000   193  6.23708e-12  6.23744e-12
97   0.095960   0.100000   193  6.27643e-12  6.27668e-12
98   0.097980   0.100000   193  6.31994e-12  6.32058e-12
99   0.100000   0.100000   194  5.20665e-12  5.20701e-12

--------------------

# Hybrid Parallel sMINRES Method with MPI-Based Shift Distribution and OpenMP-Based Parallelism for Shift Loop and SpMV (rank = 0/4)
# A = ../data/ELSES_MATRIX_VCNT4000std_A.mtx
# status = 25/25, time = 0.0313111 sec
 0  -0.100000   0.100000   188  6.11684e-12  6.11677e-12
 1  -0.097980   0.100000   188  6.27392e-12  6.27406e-12
 2  -0.095960   0.100000   189  5.65167e-12  5.65193e-12
 3  -0.093939   0.100000   189  5.79325e-12  5.79347e-12
 4  -0.091919   0.100000   189  5.93611e-12  5.93686e-12
 5  -0.089899   0.100000   189  6.08014e-12  6.08032e-12
 6  -0.087879   0.100000   189  6.22524e-12  6.22494e-12
 7  -0.085859   0.100000   190  5.45279e-12  5.45260e-12
 8  -0.083838   0.100000   190  5.57792e-12  5.57816e-12
 9  -0.081818   0.100000   190  5.70354e-12  5.70364e-12
10  -0.079798   0.100000   190  5.82953e-12  5.82978e-12
11  -0.077778   0.100000   190  5.95577e-12  5.95612e-12
12  -0.075758   0.100000   190  6.08213e-12  6.08211e-12
13  -0.073737   0.100000   190  6.20847e-12  6.20892e-12
14  -0.071717   0.100000   191  5.41786e-12  5.41832e-12
15  -0.069697   0.100000   191  5.52711e-12  5.52751e-12
16  -0.067677   0.100000   191  5.63612e-12  5.63643e-12
17  -0.065657   0.100000   191  5.74475e-12  5.74497e-12
18  -0.063636   0.100000   191  5.85289e-12  5.85296e-12
19  -0.061616   0.100000   191  5.96042e-12  5.96033e-12
20  -0.059596   0.100000   191  6.06719e-12  6.06688e-12
21  -0.057576   0.100000   191  6.17310e-12  6.17309e-12
22  -0.055556   0.100000   191  6.27800e-12  6.27828e-12
23  -0.053535   0.100000   192  5.61127e-12  5.61095e-12
24  -0.051515   0.100000   192  5.69971e-12  5.69976e-12
# Hybrid Parallel sMINRES Method with MPI-Based Shift Distribution and OpenMP-Based Parallelism for Shift Loop and SpMV (rank = 1/4)
# A = ../data/ELSES_MATRIX_VCNT4000std_A.mtx
# status = 25/25, time = 0.0301435 sec
25  -0.049495   0.100000   192  5.78678e-12  5.78716e-12
26  -0.047475   0.100000   192  5.87237e-12  5.87288e-12
27  -0.045455   0.100000   192  5.95636e-12  5.95638e-12
28  -0.043434   0.100000   192  6.03864e-12  6.03886e-12
29  -0.041414   0.100000   192  6.11908e-12  6.11917e-12
30  -0.039394   0.100000   192  6.19758e-12  6.19725e-12
31  -0.037374   0.100000   192  6.27401e-12  6.27436e-12
32  -0.035354   0.100000   193  5.56279e-12  5.56286e-12
33  -0.033333   0.100000   193  5.62772e-12  5.62759e-12
34  -0.031313   0.100000   193  5.69067e-12  5.69068e-12
35  -0.029293   0.100000   193  5.75156e-12  5.75236e-12
36  -0.027273   0.100000   193  5.81028e-12  5.81043e-12
37  -0.025253   0.100000   193  5.86676e-12  5.86704e-12
38  -0.023232   0.100000   193  5.92092e-12  5.92110e-12
39  -0.021212   0.100000   193  5.97268e-12  5.97252e-12
40  -0.019192   0.100000   193  6.02198e-12  6.02226e-12
41  -0.017172   0.100000   193  6.06873e-12  6.06914e-12
42  -0.015152   0.100000   193  6.11289e-12  6.11282e-12
43  -0.013131   0.100000   193  6.15439e-12  6.15463e-12
44  -0.011111   0.100000   193  6.19319e-12  6.19316e-12
45  -0.009091   0.100000   193  6.22924e-12  6.22953e-12
46  -0.007071   0.100000   193  6.26250e-12  6.26285e-12
47  -0.005051   0.100000   193  6.29294e-12  6.29360e-12
48  -0.003030   0.100000   193  6.32054e-12  6.32064e-12
49  -0.001010   0.100000   194  5.36601e-12  5.36649e-12
# Hybrid Parallel sMINRES Method with MPI-Based Shift Distribution and OpenMP-Based Parallelism for Shift Loop and SpMV (rank = 2/4)
# A = ../data/ELSES_MATRIX_VCNT4000std_A.mtx
# status = 25/25, time = 0.031681 sec
50   0.001010   0.100000   194  5.38163e-12  5.38219e-12
51   0.003030   0.100000   194  5.39470e-12  5.39454e-12
52   0.005051   0.100000   194  5.40523e-12  5.40547e-12
53   0.007071   0.100000   194  5.41326e-12  5.41361e-12
54   0.009091   0.100000   194  5.41881e-12  5.41891e-12
55   0.011111   0.100000   194  5.42194e-12  5.42220e-12
56   0.013131   0.100000   194  5.42268e-12  5.42241e-12
57   0.015152   0.100000   194  5.42112e-12  5.42118e-12
58   0.017172   0.100000   194  5.41733e-12  5.41690e-12
59   0.019192   0.100000   194  5.41138e-12  5.41185e-12
60   0.021212   0.100000   194  5.40338e-12  5.40390e-12
61   0.023232   0.100000   194  5.39343e-12  5.39328e-12
62   0.025253   0.100000   194  5.38165e-12  5.38206e-12
63   0.027273   0.100000   194  5.36817e-12  5.36832e-12
64   0.029293   0.100000   194  5.35311e-12  5.35360e-12
65   0.031313   0.100000   194  5.33662e-12  5.33740e-12
66   0.033333   0.100000   194  5.31887e-12  5.31908e-12
67   0.035354   0.100000   194  5.30001e-12  5.30028e-12
68   0.037374   0.100000   194  5.28021e-12  5.28091e-12
69   0.039394   0.100000   193  6.30937e-12  6.30974e-12
70   0.041414   0.100000   193  6.28937e-12  6.28962e-12
71   0.043434   0.100000   193  6.26888e-12  6.26943e-12
72   0.045455   0.100000   193  6.24813e-12  6.24798e-12
73   0.047475   0.100000   193  6.22733e-12  6.22811e-12
74   0.049495   0.100000   193  6.20672e-12  6.20713e-12
# Hybrid Parallel sMINRES Method with MPI-Based Shift Distribution and OpenMP-Based Parallelism for Shift Loop and SpMV (rank = 3/4)
# A = ../data/ELSES_MATRIX_VCNT4000std_A.mtx
# status = 25/25, time = 0.0315088 sec
75   0.051515   0.100000   193  6.18652e-12  6.18733e-12
76   0.053535   0.100000   193  6.16697e-12  6.16779e-12
77   0.055556   0.100000   193  6.14831e-12  6.14875e-12
78   0.057576   0.100000   193  6.13075e-12  6.13080e-12
79   0.059596   0.100000   193  6.11454e-12  6.11486e-12
80   0.061616   0.100000   193  6.09989e-12  6.10005e-12
81   0.063636   0.100000   193  6.08703e-12  6.08744e-12
82   0.065657   0.100000   193  6.07618e-12  6.07611e-12
83   0.067677   0.100000   193  6.06755e-12  6.06784e-12
84   0.069697   0.100000   193  6.06134e-12  6.06218e-12
85   0.071717   0.100000   193  6.05774e-12  6.05795e-12
86   0.073737   0.100000   193  6.05695e-12  6.05801e-12
87   0.075758   0.100000   193  6.05914e-12  6.05908e-12
88   0.077778   0.100000   193  6.06449e-12  6.06478e-12
89   0.079798   0.100000   193  6.07314e-12  6.07325e-12
90   0.081818   0.100000   193  6.08524e-12  6.08518e-12
91   0.083838   0.100000   193  6.10093e-12  6.10130e-12
92   0.085859   0.100000   193  6.12034e-12  6.12031e-12
93   0.087879   0.100000   193  6.14357e-12  6.14409e-12
94   0.089899   0.100000   193  6.17071e-12  6.17087e-12
95   0.091919   0.100000   193  6.20186e-12  6.20235e-12
96   0.093939   0.100000   193  6.23708e-12  6.23740e-12
97   0.095960   0.100000   193  6.27643e-12  6.27706e-12
98   0.097980   0.100000   193  6.31994e-12  6.32062e-12
99   0.100000   0.100000   194  5.20665e-12  5.20686e-12

--------------------

# No parallel sMINRES Method (OpenMP paralleism SpMV)
# A = ../data/ELSES_MATRIX_VCNT4000std_A.mtx
# status = 100/100, time = 0.432154 sec
 0  -0.100000   0.100000   188  6.11684e-12  6.11677e-12
 1  -0.097980   0.100000   188  6.27392e-12  6.27406e-12
 2  -0.095960   0.100000   189  5.65167e-12  5.65193e-12
 3  -0.093939   0.100000   189  5.79325e-12  5.79347e-12
 4  -0.091919   0.100000   189  5.93611e-12  5.93686e-12
 5  -0.089899   0.100000   189  6.08014e-12  6.08032e-12
 6  -0.087879   0.100000   189  6.22524e-12  6.22494e-12
 7  -0.085859   0.100000   190  5.45279e-12  5.45260e-12
 8  -0.083838   0.100000   190  5.57792e-12  5.57816e-12
 9  -0.081818   0.100000   190  5.70354e-12  5.70364e-12
10  -0.079798   0.100000   190  5.82953e-12  5.82978e-12
11  -0.077778   0.100000   190  5.95577e-12  5.95612e-12
12  -0.075758   0.100000   190  6.08213e-12  6.08211e-12
13  -0.073737   0.100000   190  6.20847e-12  6.20892e-12
14  -0.071717   0.100000   191  5.41786e-12  5.41832e-12
15  -0.069697   0.100000   191  5.52711e-12  5.52751e-12
16  -0.067677   0.100000   191  5.63612e-12  5.63643e-12
17  -0.065657   0.100000   191  5.74475e-12  5.74497e-12
18  -0.063636   0.100000   191  5.85289e-12  5.85296e-12
19  -0.061616   0.100000   191  5.96042e-12  5.96033e-12
20  -0.059596   0.100000   191  6.06719e-12  6.06688e-12
21  -0.057576   0.100000   191  6.17310e-12  6.17309e-12
22  -0.055556   0.100000   191  6.27800e-12  6.27828e-12
23  -0.053535   0.100000   192  5.61127e-12  5.61095e-12
24  -0.051515   0.100000   192  5.69971e-12  5.69976e-12
25  -0.049495   0.100000   192  5.78678e-12  5.78716e-12
26  -0.047475   0.100000   192  5.87237e-12  5.87288e-12
27  -0.045455   0.100000   192  5.95636e-12  5.95638e-12
28  -0.043434   0.100000   192  6.03864e-12  6.03886e-12
29  -0.041414   0.100000   192  6.11908e-12  6.11917e-12
30  -0.039394   0.100000   192  6.19758e-12  6.19725e-12
31  -0.037374   0.100000   192  6.27401e-12  6.27436e-12
32  -0.035354   0.100000   193  5.56279e-12  5.56286e-12
33  -0.033333   0.100000   193  5.62772e-12  5.62759e-12
34  -0.031313   0.100000   193  5.69067e-12  5.69068e-12
35  -0.029293   0.100000   193  5.75156e-12  5.75236e-12
36  -0.027273   0.100000   193  5.81028e-12  5.81043e-12
37  -0.025253   0.100000   193  5.86676e-12  5.86704e-12
38  -0.023232   0.100000   193  5.92092e-12  5.92110e-12
39  -0.021212   0.100000   193  5.97268e-12  5.97252e-12
40  -0.019192   0.100000   193  6.02198e-12  6.02226e-12
41  -0.017172   0.100000   193  6.06873e-12  6.06914e-12
42  -0.015152   0.100000   193  6.11289e-12  6.11282e-12
43  -0.013131   0.100000   193  6.15439e-12  6.15463e-12
44  -0.011111   0.100000   193  6.19319e-12  6.19316e-12
45  -0.009091   0.100000   193  6.22924e-12  6.22953e-12
46  -0.007071   0.100000   193  6.26250e-12  6.26285e-12
47  -0.005051   0.100000   193  6.29294e-12  6.29360e-12
48  -0.003030   0.100000   193  6.32054e-12  6.32064e-12
49  -0.001010   0.100000   194  5.36601e-12  5.36649e-12
50   0.001010   0.100000   194  5.38163e-12  5.38219e-12
51   0.003030   0.100000   194  5.39470e-12  5.39454e-12
52   0.005051   0.100000   194  5.40523e-12  5.40547e-12
53   0.007071   0.100000   194  5.41326e-12  5.41361e-12
54   0.009091   0.100000   194  5.41881e-12  5.41891e-12
55   0.011111   0.100000   194  5.42194e-12  5.42220e-12
56   0.013131   0.100000   194  5.42268e-12  5.42241e-12
57   0.015152   0.100000   194  5.42112e-12  5.42118e-12
58   0.017172   0.100000   194  5.41733e-12  5.41690e-12
59   0.019192   0.100000   194  5.41138e-12  5.41185e-12
60   0.021212   0.100000   194  5.40338e-12  5.40390e-12
61   0.023232   0.100000   194  5.39343e-12  5.39328e-12
62   0.025253   0.100000   194  5.38165e-12  5.38206e-12
63   0.027273   0.100000   194  5.36817e-12  5.36832e-12
64   0.029293   0.100000   194  5.35311e-12  5.35360e-12
65   0.031313   0.100000   194  5.33662e-12  5.33740e-12
66   0.033333   0.100000   194  5.31887e-12  5.31908e-12
67   0.035354   0.100000   194  5.30001e-12  5.30028e-12
68   0.037374   0.100000   194  5.28021e-12  5.28091e-12
69   0.039394   0.100000   193  6.30937e-12  6.30974e-12
70   0.041414   0.100000   193  6.28937e-12  6.28962e-12
71   0.043434   0.100000   193  6.26888e-12  6.26943e-12
72   0.045455   0.100000   193  6.24813e-12  6.24798e-12
73   0.047475   0.100000   193  6.22733e-12  6.22811e-12
74   0.049495   0.100000   193  6.20672e-12  6.20713e-12
75   0.051515   0.100000   193  6.18652e-12  6.18733e-12
76   0.053535   0.100000   193  6.16697e-12  6.16779e-12
77   0.055556   0.100000   193  6.14831e-12  6.14875e-12
78   0.057576   0.100000   193  6.13075e-12  6.13080e-12
79   0.059596   0.100000   193  6.11454e-12  6.11486e-12
80   0.061616   0.100000   193  6.09989e-12  6.10005e-12
81   0.063636   0.100000   193  6.08703e-12  6.08744e-12
82   0.065657   0.100000   193  6.07618e-12  6.07611e-12
83   0.067677   0.100000   193  6.06755e-12  6.06784e-12
84   0.069697   0.100000   193  6.06134e-12  6.06218e-12
85   0.071717   0.100000   193  6.05774e-12  6.05795e-12
86   0.073737   0.100000   193  6.05695e-12  6.05801e-12
87   0.075758   0.100000   193  6.05914e-12  6.05908e-12
88   0.077778   0.100000   193  6.06449e-12  6.06478e-12
89   0.079798   0.100000   193  6.07314e-12  6.07325e-12
90   0.081818   0.100000   193  6.08524e-12  6.08518e-12
91   0.083838   0.100000   193  6.10093e-12  6.10130e-12
92   0.085859   0.100000   193  6.12034e-12  6.12031e-12
93   0.087879   0.100000   193  6.14357e-12  6.14409e-12
94   0.089899   0.100000   193  6.17071e-12  6.17087e-12
95   0.091919   0.100000   193  6.20186e-12  6.20235e-12
96   0.093939   0.100000   193  6.23708e-12  6.23740e-12
97   0.095960   0.100000   193  6.27643e-12  6.27706e-12
98   0.097980   0.100000   193  6.31994e-12  6.32062e-12
99   0.100000   0.100000   194  5.20665e-12  5.20686e-12
