# Hybrid Parallel sMINRES Method with MPI-Based Domain-Decomposed Vectors and OpenMP-Based Parallelism for Shift Loop and SpMV (rank = 0/4)
# A = ../data/ELSES_MATRIX_VCNT4000std_A.mtx
# status = 50/50, time = 3.67069 sec
 0   0.099803   0.006279   624  6.03068e-12  6.03168e-12
 1   0.098229   0.018738   536  5.90555e-12  5.90620e-12
 2   0.095106   0.030902   446  5.99145e-12  5.99162e-12
 3   0.090483   0.042578   374  6.16575e-12  6.16622e-12
 4   0.084433   0.053583   321  5.58453e-12  5.58502e-12
 5   0.077051   0.063742   282  6.17704e-12  6.17743e-12
 6   0.068455   0.072897   254  5.68437e-12  5.68488e-12
 7   0.058779   0.080902   232  6.29882e-12  6.29949e-12
 8   0.048175   0.087631   218  5.47857e-12  5.47881e-12
 9   0.036812   0.092978   207  5.64762e-12  5.64787e-12
10   0.024869   0.096858   199  6.27440e-12  6.27467e-12
11   0.012533   0.099211   195  5.93100e-12  5.93096e-12
12   0.000000   0.100000   194  5.37414e-12  5.37456e-12
13  -0.012533   0.099211   195  5.70517e-12  5.70516e-12
14  -0.024869   0.096858   199  5.90755e-12  5.90797e-12
15  -0.036812   0.092978   206  6.15496e-12  6.15501e-12
16  -0.048175   0.087631   218  5.65840e-12  5.65882e-12
17  -0.058779   0.080902   234  6.13907e-12  6.13910e-12
18  -0.068455   0.072897   258  6.10459e-12  6.10475e-12
19  -0.077051   0.063742   293  5.69583e-12  5.69603e-12
20  -0.084433   0.053583   344  6.00338e-12  6.00376e-12
21  -0.090483   0.042578   427  6.27812e-12  6.27830e-12
22  -0.095106   0.030902   577  6.09246e-12  6.09245e-12
23  -0.098229   0.018738   909  6.30060e-12  6.30142e-12
24  -0.099803   0.006279  1729  6.23143e-12  6.23195e-12
25  -0.099803  -0.006279  1729  6.23143e-12  6.23185e-12
26  -0.098229  -0.018738   909  6.30060e-12  6.30154e-12
27  -0.095106  -0.030902   577  6.09246e-12  6.09240e-12
28  -0.090483  -0.042578   427  6.27812e-12  6.27818e-12
29  -0.084433  -0.053583   344  6.00338e-12  6.00395e-12
30  -0.077051  -0.063742   293  5.69583e-12  5.69590e-12
31  -0.068455  -0.072897   258  6.10459e-12  6.10480e-12
32  -0.058779  -0.080902   234  6.13907e-12  6.13921e-12
33  -0.048175  -0.087631   218  5.65840e-12  5.65881e-12
34  -0.036812  -0.092978   206  6.15496e-12  6.15491e-12
35  -0.024869  -0.096858   199  5.90755e-12  5.90794e-12
36  -0.012533  -0.099211   195  5.70517e-12  5.70528e-12
37  -0.000000  -0.100000   194  5.37414e-12  5.37445e-12
38   0.012533  -0.099211   195  5.93100e-12  5.93087e-12
39   0.024869  -0.096858   199  6.27440e-12  6.27457e-12
40   0.036812  -0.092978   207  5.64762e-12  5.64775e-12
41   0.048175  -0.087631   218  5.47857e-12  5.47880e-12
42   0.058779  -0.080902   232  6.29882e-12  6.29939e-12
43   0.068455  -0.072897   254  5.68437e-12  5.68468e-12
44   0.077051  -0.063742   282  6.17704e-12  6.17743e-12
45   0.084433  -0.053583   321  5.58453e-12  5.58515e-12
46   0.090483  -0.042578   374  6.16575e-12  6.16626e-12
47   0.095106  -0.030902   446  5.99145e-12  5.99172e-12
48   0.098229  -0.018738   536  5.90555e-12  5.90603e-12
49   0.099803  -0.006279   624  6.03068e-12  6.03150e-12

--------------------

# Hybrid Parallel sMINRES Method with MPI-Based Shift Distribution and OpenMP-Based Parallelism for Shift Loop and SpMV (rank = 0/4)
# A = ../data/ELSES_MATRIX_VCNT4000std_A.mtx
# status = 13/13, time = 0.0807039 sec
 0   0.099803   0.006279   624  6.00588e-12  6.00730e-12
 1   0.098229   0.018738   536  5.91599e-12  5.91670e-12
 2   0.095106   0.030902   446  5.95744e-12  5.95879e-12
 3   0.090483   0.042578   374  6.16052e-12  6.16061e-12
 4   0.084433   0.053583   321  5.64038e-12  5.64020e-12
 5   0.077051   0.063742   283  5.47223e-12  5.47234e-12
 6   0.068455   0.072897   254  5.80550e-12  5.80592e-12
 7   0.058779   0.080902   232  6.29942e-12  6.29960e-12
 8   0.048175   0.087631   218  5.47857e-12  5.47882e-12
 9   0.036812   0.092978   207  5.64762e-12  5.64748e-12
10   0.024869   0.096858   199  6.27440e-12  6.27471e-12
11   0.012533   0.099211   195  5.93100e-12  5.93097e-12
12   0.000000   0.100000   194  5.37414e-12  5.37443e-12
# Hybrid Parallel sMINRES Method with MPI-Based Shift Distribution and OpenMP-Based Parallelism for Shift Loop and SpMV (rank = 1/4)
# A = ../data/ELSES_MATRIX_VCNT4000std_A.mtx
# status = 13/13, time = 0.242635 sec
13  -0.012533   0.099211   195  5.70517e-12  5.70484e-12
14  -0.024869   0.096858   199  5.90755e-12  5.90796e-12
15  -0.036812   0.092978   206  6.15496e-12  6.15481e-12
16  -0.048175   0.087631   218  5.65840e-12  5.65871e-12
17  -0.058779   0.080902   234  6.14066e-12  6.14058e-12
18  -0.068455   0.072897   258  6.15316e-12  6.15321e-12
19  -0.077051   0.063742   293  5.80858e-12  5.80861e-12
20  -0.084433   0.053583   344  6.00172e-12  6.00234e-12
21  -0.090483   0.042578   427  6.24094e-12  6.24098e-12
22  -0.095106   0.030902   577  6.11103e-12  6.11147e-12
23  -0.098229   0.018738   909  6.29659e-12  6.29762e-12
24  -0.099803   0.006279  1728  6.31548e-12  6.31656e-12
25  -0.099803  -0.006279  1728  6.31548e-12  6.31662e-12
# Hybrid Parallel sMINRES Method with MPI-Based Shift Distribution and OpenMP-Based Parallelism for Shift Loop and SpMV (rank = 2/4)
# A = ../data/ELSES_MATRIX_VCNT4000std_A.mtx
# status = 12/12, time = 0.109448 sec
26  -0.098229  -0.018738   909  6.29659e-12  6.29739e-12
27  -0.095106  -0.030902   577  6.11103e-12  6.11147e-12
28  -0.090483  -0.042578   427  6.24094e-12  6.24102e-12
29  -0.084433  -0.053583   344  6.00172e-12  6.00232e-12
30  -0.077051  -0.063742   293  5.80858e-12  5.80876e-12
31  -0.068455  -0.072897   258  6.15316e-12  6.15336e-12
32  -0.058779  -0.080902   234  6.14066e-12  6.14044e-12
33  -0.048175  -0.087631   218  5.65840e-12  5.65866e-12
34  -0.036812  -0.092978   206  6.15496e-12  6.15488e-12
35  -0.024869  -0.096858   199  5.90755e-12  5.90812e-12
36  -0.012533  -0.099211   195  5.70517e-12  5.70481e-12
37  -0.000000  -0.100000   194  5.37414e-12  5.37447e-12
# Hybrid Parallel sMINRES Method with MPI-Based Shift Distribution and OpenMP-Based Parallelism for Shift Loop and SpMV (rank = 3/4)
# A = ../data/ELSES_MATRIX_VCNT4000std_A.mtx
# status = 12/12, time = 0.0860528 sec
38   0.012533  -0.099211   195  5.93100e-12  5.93095e-12
39   0.024869  -0.096858   199  6.27440e-12  6.27469e-12
40   0.036812  -0.092978   207  5.64762e-12  5.64704e-12
41   0.048175  -0.087631   218  5.47857e-12  5.47889e-12
42   0.058779  -0.080902   232  6.29942e-12  6.29958e-12
43   0.068455  -0.072897   254  5.80550e-12  5.80612e-12
44   0.077051  -0.063742   283  5.47223e-12  5.47234e-12
45   0.084433  -0.053583   321  5.64038e-12  5.64035e-12
46   0.090483  -0.042578   374  6.16052e-12  6.16069e-12
47   0.095106  -0.030902   446  5.95744e-12  5.95833e-12
48   0.098229  -0.018738   536  5.91599e-12  5.91646e-12
49   0.099803  -0.006279   624  6.00588e-12  6.00729e-12

--------------------

# No parallel sMINRES Method (OpenMP paralleism SpMV)
# A = ../data/ELSES_MATRIX_VCNT4000std_A.mtx
# status = 50/50, time = 0.553308 sec
 0   0.099803   0.006279   624  6.00588e-12  6.00730e-12
 1   0.098229   0.018738   536  5.91599e-12  5.91670e-12
 2   0.095106   0.030902   446  5.95744e-12  5.95879e-12
 3   0.090483   0.042578   374  6.16052e-12  6.16061e-12
 4   0.084433   0.053583   321  5.64038e-12  5.64020e-12
 5   0.077051   0.063742   283  5.47223e-12  5.47234e-12
 6   0.068455   0.072897   254  5.80550e-12  5.80592e-12
 7   0.058779   0.080902   232  6.29942e-12  6.29960e-12
 8   0.048175   0.087631   218  5.47857e-12  5.47882e-12
 9   0.036812   0.092978   207  5.64762e-12  5.64748e-12
10   0.024869   0.096858   199  6.27440e-12  6.27471e-12
11   0.012533   0.099211   195  5.93100e-12  5.93097e-12
12   0.000000   0.100000   194  5.37414e-12  5.37443e-12
13  -0.012533   0.099211   195  5.70517e-12  5.70484e-12
14  -0.024869   0.096858   199  5.90755e-12  5.90796e-12
15  -0.036812   0.092978   206  6.15496e-12  6.15481e-12
16  -0.048175   0.087631   218  5.65840e-12  5.65871e-12
17  -0.058779   0.080902   234  6.14066e-12  6.14058e-12
18  -0.068455   0.072897   258  6.15316e-12  6.15321e-12
19  -0.077051   0.063742   293  5.80858e-12  5.80861e-12
20  -0.084433   0.053583   344  6.00172e-12  6.00234e-12
21  -0.090483   0.042578   427  6.24094e-12  6.24098e-12
22  -0.095106   0.030902   577  6.11103e-12  6.11147e-12
23  -0.098229   0.018738   909  6.29659e-12  6.29762e-12
24  -0.099803   0.006279  1728  6.31548e-12  6.31656e-12
25  -0.099803  -0.006279  1728  6.31548e-12  6.31662e-12
26  -0.098229  -0.018738   909  6.29659e-12  6.29739e-12
27  -0.095106  -0.030902   577  6.11103e-12  6.11147e-12
28  -0.090483  -0.042578   427  6.24094e-12  6.24102e-12
29  -0.084433  -0.053583   344  6.00172e-12  6.00232e-12
30  -0.077051  -0.063742   293  5.80858e-12  5.80876e-12
31  -0.068455  -0.072897   258  6.15316e-12  6.15336e-12
32  -0.058779  -0.080902   234  6.14066e-12  6.14044e-12
33  -0.048175  -0.087631   218  5.65840e-12  5.65866e-12
34  -0.036812  -0.092978   206  6.15496e-12  6.15488e-12
35  -0.024869  -0.096858   199  5.90755e-12  5.90812e-12
36  -0.012533  -0.099211   195  5.70517e-12  5.70481e-12
37  -0.000000  -0.100000   194  5.37414e-12  5.37447e-12
38   0.012533  -0.099211   195  5.93100e-12  5.93095e-12
39   0.024869  -0.096858   199  6.27440e-12  6.27469e-12
40   0.036812  -0.092978   207  5.64762e-12  5.64704e-12
41   0.048175  -0.087631   218  5.47857e-12  5.47889e-12
42   0.058779  -0.080902   232  6.29942e-12  6.29958e-12
43   0.068455  -0.072897   254  5.80550e-12  5.80612e-12
44   0.077051  -0.063742   283  5.47223e-12  5.47234e-12
45   0.084433  -0.053583   321  5.64038e-12  5.64035e-12
46   0.090483  -0.042578   374  6.16052e-12  6.16069e-12
47   0.095106  -0.030902   446  5.95744e-12  5.95833e-12
48   0.098229  -0.018738   536  5.91599e-12  5.91646e-12
49   0.099803  -0.006279   624  6.00588e-12  6.00729e-12
