# Hybrid Parallel sMINRES Method with MPI-Based Domain-Decomposed Vectors and OpenMP-Based Parallelism for Shift Loop and SpMV (rank = 0/4)
# A = ../data/ELSES_MATRIX_VCNT40000std_A.mtx
# status = 50/50, time = 43.5781 sec
 0   0.099803   0.006279   677  1.91861e-11  1.91897e-11
 1   0.098229   0.018738   574  1.99048e-11  1.99095e-11
 2   0.095106   0.030902   470  1.87092e-11  1.87110e-11
 3   0.090483   0.042578   390  1.92981e-11  1.93012e-11
 4   0.084433   0.053583   332  1.96136e-11  1.96149e-11
 5   0.077051   0.063742   291  1.90056e-11  1.90070e-11
 6   0.068455   0.072897   261  1.90023e-11  1.90034e-11
 7   0.058779   0.080902   239  1.92322e-11  1.92326e-11
 8   0.048175   0.087631   223  1.92132e-11  1.92135e-11
 9   0.036812   0.092978   211  1.97981e-11  1.97986e-11
10   0.024869   0.096858   204  1.75844e-11  1.75854e-11
11   0.012533   0.099211   199  1.92092e-11  1.92097e-11
12   0.000000   0.100000   198  1.71700e-11  1.71707e-11
13  -0.012533   0.099211   199  1.81643e-11  1.81646e-11
14  -0.024869   0.096858   203  1.89274e-11  1.89277e-11
15  -0.036812   0.092978   211  1.76686e-11  1.76686e-11
16  -0.048175   0.087631   222  1.97712e-11  1.97709e-11
17  -0.058779   0.080902   240  1.80598e-11  1.80601e-11
18  -0.068455   0.072897   264  1.92774e-11  1.92778e-11
19  -0.077051   0.063742   299  1.96966e-11  1.96965e-11
20  -0.084433   0.053583   353  1.93545e-11  1.93553e-11
21  -0.090483   0.042578   440  1.98073e-11  1.98080e-11
22  -0.095106   0.030902   600  1.94613e-11  1.94619e-11
23  -0.098229   0.018738   974  1.95794e-11  1.95814e-11
24  -0.099803   0.006279  2810  1.99619e-11  1.99669e-11
25  -0.099803  -0.006279  2810  1.99619e-11  1.99670e-11
26  -0.098229  -0.018738   974  1.95794e-11  1.95812e-11
27  -0.095106  -0.030902   600  1.94613e-11  1.94618e-11
28  -0.090483  -0.042578   440  1.98073e-11  1.98079e-11
29  -0.084433  -0.053583   353  1.93545e-11  1.93551e-11
30  -0.077051  -0.063742   299  1.96966e-11  1.96966e-11
31  -0.068455  -0.072897   264  1.92774e-11  1.92778e-11
32  -0.058779  -0.080902   240  1.80598e-11  1.80600e-11
33  -0.048175  -0.087631   222  1.97712e-11  1.97712e-11
34  -0.036812  -0.092978   211  1.76686e-11  1.76686e-11
35  -0.024869  -0.096858   203  1.89274e-11  1.89277e-11
36  -0.012533  -0.099211   199  1.81643e-11  1.81646e-11
37  -0.000000  -0.100000   198  1.71700e-11  1.71706e-11
38   0.012533  -0.099211   199  1.92092e-11  1.92098e-11
39   0.024869  -0.096858   204  1.75844e-11  1.75855e-11
40   0.036812  -0.092978   211  1.97981e-11  1.97986e-11
41   0.048175  -0.087631   223  1.92132e-11  1.92136e-11
42   0.058779  -0.080902   239  1.92322e-11  1.92326e-11
43   0.068455  -0.072897   261  1.90023e-11  1.90029e-11
44   0.077051  -0.063742   291  1.90056e-11  1.90070e-11
45   0.084433  -0.053583   332  1.96136e-11  1.96150e-11
46   0.090483  -0.042578   390  1.92981e-11  1.93012e-11
47   0.095106  -0.030902   470  1.87092e-11  1.87110e-11
48   0.098229  -0.018738   574  1.99048e-11  1.99091e-11
49   0.099803  -0.006279   677  1.91861e-11  1.91898e-11

--------------------

# Hybrid Parallel sMINRES Method with MPI-Based Shift Distribution and OpenMP-Based Parallelism for Shift Loop and SpMV (rank = 0/4)
# A = ../data/ELSES_MATRIX_VCNT40000std_A.mtx
# status = 13/13, time = 57.8013 sec
 0   0.099803   0.006279   677  1.92584e-11  1.92620e-11
 1   0.098229   0.018738   574  1.99004e-11  1.99038e-11
 2   0.095106   0.030902   470  1.86776e-11  1.86806e-11
 3   0.090483   0.042578   390  1.94430e-11  1.94456e-11
 4   0.084433   0.053583   332  1.96138e-11  1.96154e-11
 5   0.077051   0.063742   291  1.90056e-11  1.90068e-11
 6   0.068455   0.072897   261  1.90293e-11  1.90299e-11
 7   0.058779   0.080902   239  1.92255e-11  1.92257e-11
 8   0.048175   0.087631   223  1.88514e-11  1.88526e-11
 9   0.036812   0.092978   211  1.97874e-11  1.97879e-11
10   0.024869   0.096858   204  1.75839e-11  1.75850e-11
11   0.012533   0.099211   199  1.92090e-11  1.92096e-11
12   0.000000   0.100000   198  1.71699e-11  1.71705e-11
# Hybrid Parallel sMINRES Method with MPI-Based Shift Distribution and OpenMP-Based Parallelism for Shift Loop and SpMV (rank = 1/4)
# A = ../data/ELSES_MATRIX_VCNT40000std_A.mtx
# status = 13/13, time = 253.006 sec
13  -0.012533   0.099211   199  1.81641e-11  1.81645e-11
14  -0.024869   0.096858   203  1.89268e-11  1.89272e-11
15  -0.036812   0.092978   211  1.76585e-11  1.76584e-11
16  -0.048175   0.087631   222  1.94828e-11  1.94829e-11
17  -0.058779   0.080902   240  1.80570e-11  1.80571e-11
18  -0.068455   0.072897   264  1.93083e-11  1.93087e-11
19  -0.077051   0.063742   299  1.96966e-11  1.96969e-11
20  -0.084433   0.053583   353  1.94041e-11  1.94051e-11
21  -0.090483   0.042578   440  1.97885e-11  1.97893e-11
22  -0.095106   0.030902   600  1.94616e-11  1.94624e-11
23  -0.098229   0.018738   974  1.96651e-11  1.96667e-11
24  -0.099803   0.006279  2810  1.99858e-11  1.99908e-11
25  -0.099803  -0.006279  2810  1.99858e-11  1.99906e-11
# Hybrid Parallel sMINRES Method with MPI-Based Shift Distribution and OpenMP-Based Parallelism for Shift Loop and SpMV (rank = 2/4)
# A = ../data/ELSES_MATRIX_VCNT40000std_A.mtx
# status = 12/12, time = 80.2684 sec
26  -0.098229  -0.018738   974  1.96651e-11  1.96668e-11
27  -0.095106  -0.030902   600  1.94616e-11  1.94626e-11
28  -0.090483  -0.042578   440  1.97885e-11  1.97893e-11
29  -0.084433  -0.053583   353  1.94041e-11  1.94051e-11
30  -0.077051  -0.063742   299  1.96966e-11  1.96968e-11
31  -0.068455  -0.072897   264  1.93083e-11  1.93087e-11
32  -0.058779  -0.080902   240  1.80570e-11  1.80569e-11
33  -0.048175  -0.087631   222  1.94828e-11  1.94832e-11
34  -0.036812  -0.092978   211  1.76585e-11  1.76585e-11
35  -0.024869  -0.096858   203  1.89268e-11  1.89272e-11
36  -0.012533  -0.099211   199  1.81641e-11  1.81644e-11
37  -0.000000  -0.100000   198  1.71699e-11  1.71707e-11
# Hybrid Parallel sMINRES Method with MPI-Based Shift Distribution and OpenMP-Based Parallelism for Shift Loop and SpMV (rank = 3/4)
# A = ../data/ELSES_MATRIX_VCNT40000std_A.mtx
# status = 12/12, time = 61.9874 sec
38   0.012533  -0.099211   199  1.92090e-11  1.92096e-11
39   0.024869  -0.096858   204  1.75839e-11  1.75850e-11
40   0.036812  -0.092978   211  1.97874e-11  1.97879e-11
41   0.048175  -0.087631   223  1.88514e-11  1.88527e-11
42   0.058779  -0.080902   239  1.92255e-11  1.92257e-11
43   0.068455  -0.072897   261  1.90293e-11  1.90300e-11
44   0.077051  -0.063742   291  1.90056e-11  1.90068e-11
45   0.084433  -0.053583   332  1.96138e-11  1.96150e-11
46   0.090483  -0.042578   390  1.94430e-11  1.94452e-11
47   0.095106  -0.030902   470  1.86776e-11  1.86805e-11
48   0.098229  -0.018738   574  1.99004e-11  1.99041e-11
49   0.099803  -0.006279   677  1.92584e-11  1.92619e-11

--------------------

# No parallel sMINRES Method (OpenMP paralleism SpMV)
# A = ../data/ELSES_MATRIX_VCNT40000std_A.mtx
# status = 50/50, time = 129.666 sec
 0   0.099803   0.006279   677  1.92584e-11  1.92620e-11
 1   0.098229   0.018738   574  1.99004e-11  1.99038e-11
 2   0.095106   0.030902   470  1.86776e-11  1.86806e-11
 3   0.090483   0.042578   390  1.94430e-11  1.94456e-11
 4   0.084433   0.053583   332  1.96138e-11  1.96154e-11
 5   0.077051   0.063742   291  1.90056e-11  1.90068e-11
 6   0.068455   0.072897   261  1.90293e-11  1.90299e-11
 7   0.058779   0.080902   239  1.92255e-11  1.92257e-11
 8   0.048175   0.087631   223  1.88514e-11  1.88526e-11
 9   0.036812   0.092978   211  1.97874e-11  1.97879e-11
10   0.024869   0.096858   204  1.75839e-11  1.75850e-11
11   0.012533   0.099211   199  1.92090e-11  1.92096e-11
12   0.000000   0.100000   198  1.71699e-11  1.71705e-11
13  -0.012533   0.099211   199  1.81641e-11  1.81645e-11
14  -0.024869   0.096858   203  1.89268e-11  1.89272e-11
15  -0.036812   0.092978   211  1.76585e-11  1.76584e-11
16  -0.048175   0.087631   222  1.94828e-11  1.94829e-11
17  -0.058779   0.080902   240  1.80570e-11  1.80571e-11
18  -0.068455   0.072897   264  1.93083e-11  1.93087e-11
19  -0.077051   0.063742   299  1.96966e-11  1.96969e-11
20  -0.084433   0.053583   353  1.94041e-11  1.94051e-11
21  -0.090483   0.042578   440  1.97885e-11  1.97893e-11
22  -0.095106   0.030902   600  1.94616e-11  1.94624e-11
23  -0.098229   0.018738   974  1.96651e-11  1.96667e-11
24  -0.099803   0.006279  2810  1.99858e-11  1.99908e-11
25  -0.099803  -0.006279  2810  1.99858e-11  1.99906e-11
26  -0.098229  -0.018738   974  1.96651e-11  1.96668e-11
27  -0.095106  -0.030902   600  1.94616e-11  1.94626e-11
28  -0.090483  -0.042578   440  1.97885e-11  1.97893e-11
29  -0.084433  -0.053583   353  1.94041e-11  1.94051e-11
30  -0.077051  -0.063742   299  1.96966e-11  1.96968e-11
31  -0.068455  -0.072897   264  1.93083e-11  1.93087e-11
32  -0.058779  -0.080902   240  1.80570e-11  1.80569e-11
33  -0.048175  -0.087631   222  1.94828e-11  1.94832e-11
34  -0.036812  -0.092978   211  1.76585e-11  1.76585e-11
35  -0.024869  -0.096858   203  1.89268e-11  1.89272e-11
36  -0.012533  -0.099211   199  1.81641e-11  1.81644e-11
37  -0.000000  -0.100000   198  1.71699e-11  1.71707e-11
38   0.012533  -0.099211   199  1.92090e-11  1.92096e-11
39   0.024869  -0.096858   204  1.75839e-11  1.75850e-11
40   0.036812  -0.092978   211  1.97874e-11  1.97879e-11
41   0.048175  -0.087631   223  1.88514e-11  1.88527e-11
42   0.058779  -0.080902   239  1.92255e-11  1.92257e-11
43   0.068455  -0.072897   261  1.90293e-11  1.90300e-11
44   0.077051  -0.063742   291  1.90056e-11  1.90068e-11
45   0.084433  -0.053583   332  1.96138e-11  1.96150e-11
46   0.090483  -0.042578   390  1.94430e-11  1.94452e-11
47   0.095106  -0.030902   470  1.86776e-11  1.86805e-11
48   0.098229  -0.018738   574  1.99004e-11  1.99041e-11
49   0.099803  -0.006279   677  1.92584e-11  1.92619e-11
